1 1 3.394420 
2 1 3.424749 
3 1 3.451345 
4 1 3.476077 
5 1 3.499844 
6 1 3.522996 
7 1 3.545548 
8 1 3.567292 
9 1 3.587871 
10 1 3.606820 
11 1 3.623614 
12 1 3.637736 
13 1 3.648721 
14 1 3.656172 
15 1 3.659843 
16 1 3.659642 
17 1 3.655647 
18 1 3.648095 
19 1 3.637367 
20 1 3.623938 
21 1 3.608348 
22 1 3.591144 
23 1 3.572846 
24 1 3.553909 
25 1 3.534699 
26 1 3.515470 
27 1 3.496343 
28 1 3.477274 
29 1 3.457995 
30 1 3.437916 
31 1 3.415988 
32 1 3.390641 
1 2 5.278770 
2 2 5.329172 
3 2 5.372642 
4 2 5.412284 
5 2 5.449624 
6 2 5.485318 
7 2 5.519506 
8 2 5.552009 
9 2 5.582426 
10 2 5.610204 
11 2 5.634705 
12 2 5.655309 
13 2 5.671428 
14 2 5.682560 
15 2 5.688404 
16 2 5.688836 
17 2 5.683955 
18 2 5.674058 
19 2 5.659616 
20 2 5.641227 
21 2 5.619558 
22 2 5.595292 
23 2 5.569072 
24 2 5.541462 
25 2 5.512916 
26 2 5.483745 
27 2 5.454087 
28 2 5.423842 
29 2 5.392557 
30 2 5.359206 
31 2 5.321795 
32 2 5.276675 
1 3 6.205170 
2 3 6.268359 
3 3 6.322560 
4 3 6.371590 
5 3 6.417325 
6 3 6.460601 
7 3 6.501653 
8 3 6.540347 
9 3 6.576299 
10 3 6.608948 
11 3 6.637651 
12 3 6.661780 
13 3 6.680701 
14 3 6.693904 
15 3 6.701073 
16 3 6.702076 
17 3 6.697018 
18 3 6.686211 
19 3 6.670146 
20 3 6.649451 
21 3 6.624819 
22 3 6.596961 
23 3 6.566545 
24 3 6.534159 
25 3 6.500275 
26 3 6.465222 
27 3 6.429145 
28 3 6.391918 
29 3 6.352992 
30 3 6.311074 
31 3 6.263517 
32 3 6.205083 
1 4 6.637805 
2 4 6.710794 
3 4 6.773753 
4 4 6.830839 
5 4 6.884103 
6 4 6.934454 
7 4 6.982140 
8 4 7.026998 
9 4 7.068585 
10 4 7.106265 
11 4 7.139340 
12 4 7.167105 
13 4 7.188839 
14 4 7.204006 
15 4 7.212241 
16 4 7.213413 
17 4 7.207633 
18 4 7.195252 
19 4 7.176816 
20 4 7.153021 
21 4 7.124643 
22 4 7.092476 
23 4 7.057276 
24 4 7.019712 
25 4 6.980330 
26 4 6.939526 
27 4 6.897489 
28 4 6.854115 
29 4 6.808826 
30 4 6.760195 
31 4 6.705233 
32 4 6.637939 
1 5 6.845533 
2 5 6.927803 
3 5 6.999683 
4 5 7.065406 
5 5 7.127087 
6 5 7.185636 
7 5 7.241242 
8 5 7.293637 
9 5 7.342233 
10 5 7.386244 
11 5 7.424846 
12 5 7.457166 
13 5 7.482363 
14 5 7.499826 
15 5 7.509120 
16 5 7.510106 
17 5 7.502914 
18 5 7.487955 
19 5 7.465873 
20 5 7.437487 
21 5 7.403726 
22 5 7.365544 
23 5 7.323864 
24 5 7.279518 
25 5 7.233201 
26 5 7.185432 
27 5 7.136500 
28 5 7.086362 
29 5 7.034459 
30 5 6.979330 
31 5 6.917898 
32 5 6.844078 
1 6 6.956769 
2 6 7.048680 
3 6 7.130267 
4 6 7.205636 
5 6 7.276884 
6 6 7.344870 
7 6 7.409678 
8 6 7.470881 
9 6 7.527694 
10 6 7.579144 
11 6 7.624221 
12 6 7.661842 
13 6 7.691038 
14 6 7.711084 
15 6 7.721477 
16 6 7.722058 
17 6 7.712984 
18 6 7.694740 
19 6 7.668088 
20 6 7.634003 
21 6 7.593601 
22 6 7.548048 
23 6 7.498487 
24 6 7.445966 
25 6 7.391381 
26 6 7.335424 
27 6 7.278520 
28 6 7.220723 
29 6 7.161529 
30 6 7.099526 
31 6 7.031735 
32 6 6.952459 
1 7 7.027289 
2 7 7.129322 
3 7 7.221355 
4 7 7.307217 
5 7 7.388907 
6 7 7.467196 
7 7 7.542035 
8 7 7.612811 
9 7 7.678527 
10 7 7.738011 
11 7 7.790041 
12 7 7.833321 
13 7 7.866767 
14 7 7.889519 
15 7 7.901023 
16 7 7.901093 
17 7 7.889918 
18 7 7.868057 
19 7 7.836389 
20 7 7.796053 
21 7 7.748360 
22 7 7.694702 
23 7 7.636463 
24 7 7.574931 
25 7 7.511232 
26 7 7.446256 
27 7 7.380588 
28 7 7.314404 
29 7 7.247292 
30 7 7.177946 
31 7 7.103639 
32 7 7.019360 
1 8 7.080011 
2 8 7.192473 
3 8 7.295415 
4 8 7.392267 
5 8 7.484866 
6 8 7.573863 
7 8 7.659060 
8 8 7.739654 
9 8 7.814440 
10 8 7.882064 
11 8 7.941086 
12 8 7.990033 
13 8 8.027707 
14 8 8.053135 
15 8 8.065720 
16 8 8.065253 
17 8 8.051954 
18 8 8.026446 
19 8 7.989716 
20 8 7.943053 
21 8 7.887950 
22 8 7.826018 
23 8 7.758873 
24 8 7.688048 
25 8 7.614898 
26 8 7.540522 
27 8 7.465676 
28 8 7.390671 
29 8 7.315216 
30 8 7.238172 
31 8 7.157167 
32 8 7.068071 
1 9 7.123837 
2 9 7.246761 
3 9 7.360730 
4 9 7.468689 
5 9 7.572254 
6 9 7.671928 
7 9 7.767361 
8 9 7.857567 
9 9 7.941163 
10 9 8.016637 
11 9 8.082342 
12 9 8.136685 
13 9 8.178361 
14 9 8.206313 
15 9 8.219912 
16 9 8.218935 
17 9 8.203627 
18 9 8.174664 
19 9 8.133126 
20 9 8.080422 
21 9 8.018208 
22 9 7.948281 
23 9 7.872472 
24 9 7.792537 
25 9 7.710050 
26 9 7.626309 
27 9 7.542240 
28 9 7.458296 
29 9 7.374328 
30 9 7.289409 
31 9 7.201606 
32 9 7.107776 
1 10 7.161865 
2 10 7.294995 
3 10 7.419758 
4 10 7.538568 
5 10 7.652774 
6 10 7.762710 
7 10 7.867875 
8 10 7.967121 
9 10 8.058932 
10 10 8.141654 
11 10 8.213479 
12 10 8.272742 
13 10 8.318042 
14 10 8.348281 
15 10 8.362799 
16 10 8.361374 
17 10 8.344268 
18 10 8.312202 
19 10 8.266321 
20 10 8.208131 
21 10 8.139414 
22 10 8.062123 
23 10 7.978266 
24 10 7.889790 
25 10 7.798461 
26 10 7.705755 
27 10 7.612757 
28 10 7.520060 
29 10 7.427672 
30 10 7.334906 
31 10 7.240324 
32 10 7.141809 
1 11 7.194850 
2 11 7.337652 
3 11 7.472652 
4 11 7.601715 
5 11 7.725895 
6 11 7.845346 
7 11 7.959424 
8 11 8.066850 
9 11 8.166015 
10 11 8.255157 
11 11 8.332356 
12 11 8.395912 
13 11 8.444358 
14 11 8.476584 
15 11 8.491909 
16 11 8.490122 
17 11 8.471496 
18 11 8.436784 
19 11 8.387177 
20 11 8.324248 
21 11 8.249869 
22 11 8.166108 
23 11 8.075111 
24 11 7.978972 
25 11 7.879615 
26 11 7.778661 
27 11 7.677332 
28 11 7.576352 
29 11 7.475885 
30 11 7.375510 
31 11 7.274297 
32 11 7.171134 
1 12 7.222663 
2 12 7.374358 
3 12 7.518746 
4 12 7.657165 
5 12 7.790358 
6 12 7.918301 
7 12 8.040218 
8 12 8.154737 
9 12 8.260203 
10 12 8.354769 
11 12 8.436470 
12 12 8.503594 
13 12 8.554642 
14 12 8.588516 
15 12 8.604525 
16 12 8.602477 
17 12 8.582653 
18 12 8.545824 
19 12 8.493210 
20 12 8.426421 
21 12 8.347386 
22 12 8.258246 
23 12 8.161237 
24 12 8.058560 
25 12 7.952246 
26 12 7.844027 
27 12 7.735228 
28 12 7.626685 
29 12 7.518715 
30 12 7.411158 
31 12 7.303586 
32 12 7.195809 
1 13 7.244907 
2 13 7.404510 
3 13 7.557200 
4 13 7.703826 
5 13 7.844834 
6 13 7.980023 
7 13 8.108511 
8 13 8.228873 
9 13 8.339445 
10 13 8.438331 
11 13 8.523579 
12 13 8.593484 
13 13 8.646556 
14 13 8.681713 
15 13 8.698282 
16 13 8.696083 
17 13 8.675407 
18 13 8.637036 
19 13 8.582196 
20 13 8.512513 
21 13 8.429938 
22 13 8.336644 
23 13 8.234915 
24 13 8.127005 
25 13 8.015006 
26 13 7.900714 
27 13 7.785522 
28 13 7.670353 
29 13 7.555655 
30 13 7.441514 
31 13 7.327959 
32 13 7.215599 
1 14 7.261195 
2 14 7.427569 
3 14 7.587292 
4 14 7.740786 
5 14 7.888225 
6 14 8.029254 
7 14 8.162908 
8 14 8.287751 
9 14 8.402144 
10 14 8.504184 
11 14 8.591978 
12 14 8.663846 
13 14 8.718342 
14 14 8.754411 
15 14 8.771413 
16 14 8.769179 
17 14 8.748014 
18 14 8.708697 
19 14 8.652448 
20 14 8.580886 
21 14 8.495952 
22 14 8.399817 
23 14 8.294762 
24 14 8.183048 
25 14 8.066776 
26 14 7.947760 
27 14 7.827418 
28 14 7.706723 
29 14 7.586232 
30 14 7.466240 
31 14 7.347160 
32 14 7.230241 
1 15 7.271283 
2 15 7.443191 
3 15 7.608559 
4 15 7.767457 
5 15 7.919824 
6 15 8.065181 
7 15 8.202511 
8 15 8.330410 
9 15 8.447294 
10 15 8.551295 
11 15 8.640615 
12 15 8.713622 
13 15 8.768939 
14 15 8.805551 
15 15 8.822861 
16 15 8.820713 
17 15 8.799424 
18 15 8.759764 
19 15 8.702935 
20 15 8.630528 
21 15 8.544447 
22 15 8.446821 
23 15 8.339889 
24 15 8.225869 
25 15 8.106821 
26 15 7.984525 
27 15 7.860382 
28 15 7.735378 
29 15 7.610138 
30 15 7.485121 
31 15 7.361033 
32 15 7.239574 
1 16 7.275130 
2 16 7.451297 
3 16 7.620868 
4 16 7.783643 
5 16 7.939380 
6 16 8.087507 
7 16 8.226992 
8 16 8.356506 
9 16 8.474542 
10 16 8.579315 
11 16 8.669146 
12 16 8.742477 
13 16 8.798022 
14 16 8.834816 
15 16 8.852311 
16 16 8.850372 
17 16 8.829323 
18 16 8.789920 
19 16 8.733335 
20 16 8.661110 
21 16 8.575089 
22 16 8.477326 
23 16 8.369974 
24 16 8.255162 
25 16 8.134860 
26 16 8.010765 
27 16 7.884218 
28 16 7.756176 
29 16 7.627292 
30 16 7.498125 
31 16 7.369573 
32 16 7.243590 
1 17 7.272926 
2 17 7.452093 
3 17 7.624438 
4 17 7.789572 
5 17 7.947124 
6 17 8.096474 
7 17 8.236612 
8 17 8.366322 
9 17 8.484200 
10 17 8.588587 
11 17 8.677941 
12 17 8.750810 
13 17 8.806005 
14 17 8.842635 
15 17 8.860198 
16 17 8.858590 
17 17 8.838137 
18 17 8.799576 
19 17 8.744037 
20 17 8.672996 
21 17 8.588211 
22 17 8.491627 
23 17 8.385277 
24 17 8.271152 
25 17 8.151089 
26 17 8.026657 
27 17 7.899089 
28 17 7.769277 
29 17 7.637855 
30 17 7.505419 
31 17 7.372947 
32 17 7.242461 
1 18 7.265089 
2 18 7.446070 
3 18 7.619834 
4 18 7.785875 
5 18 7.943756 
6 18 8.092850 
7 18 8.232207 
8 18 8.360760 
9 18 8.477232 
10 18 8.580132 
11 18 8.668070 
12 18 8.739728 
13 18 8.794026 
14 18 8.830161 
15 18 8.847685 
16 18 8.846528 
17 18 8.827013 
18 18 8.789853 
19 18 8.736124 
20 18 8.667221 
21 18 8.584786 
22 18 8.490631 
23 18 8.386624 
24 18 8.274585 
25 18 8.156171 
26 18 8.032782 
27 18 7.905509 
28 18 7.775134 
29 18 7.642229 
30 18 7.507365 
31 18 7.371495 
32 18 7.236535 
1 19 7.252244 
2 19 7.433975 
3 19 7.607929 
4 19 7.773557 
5 19 7.930406 
6 19 8.077883 
7 19 8.215142 
8 19 8.341292 
9 19 8.455209 
10 19 8.555604 
11 19 8.641256 
12 19 8.711008 
13 19 8.763901 
14 19 8.799237 
15 19 8.816625 
16 19 8.816030 
17 19 8.797775 
18 19 8.762539 
19 19 8.711332 
20 19 8.645446 
21 19 8.566388 
22 19 8.475802 
23 19 8.375362 
24 19 8.266677 
25 19 8.151187 
26 19 8.030092 
27 19 7.904301 
28 19 7.774457 
29 19 7.641027 
30 19 7.504499 
31 19 7.365710 
32 19 7.226322 
1 20 7.235181 
2 20 7.416757 
3 20 7.589850 
4 20 7.753921 
5 20 7.908554 
6 20 8.053226 
7 20 8.187232 
8 20 8.309878 
9 20 8.420226 
10 20 8.517211 
11 20 8.599802 
12 20 8.667026 
13 20 8.718061 
14 20 8.752322 
15 20 8.769489 
16 20 8.769561 
17 20 8.752858 
18 20 8.720018 
19 20 8.671969 
20 20 8.609883 
21 20 8.535107 
22 20 8.449088 
23 20 8.353277 
24 20 8.249038 
25 20 8.137569 
26 20 8.019835 
27 20 7.896542 
28 20 7.768165 
29 20 7.635031 
30 20 7.497497 
31 20 7.356208 
32 20 7.212460 
1 21 7.214803 
2 21 7.395510 
3 21 7.566899 
4 21 7.728489 
5 21 7.879942 
6 21 8.020836 
7 21 8.150636 
8 21 8.268867 
9 21 8.374799 
10 21 8.467613 
11 21 8.546490 
12 21 8.610656 
13 21 8.659448 
14 21 8.692400 
15 21 8.709274 
16 21 8.710105 
17 21 8.695206 
18 21 8.665165 
19 21 8.620814 
20 21 8.563184 
21 21 8.493441 
22 21 8.412808 
23 21 8.322487 
24 21 8.223574 
25 21 8.116999 
26 21 8.003475 
27 21 7.883486 
28 21 7.757316 
29 21 7.625134 
30 21 7.487124 
31 21 7.343687 
32 21 7.195678 
1 22 7.192072 
2 22 7.371397 
3 22 7.540469 
4 22 7.698899 
5 22 7.846456 
6 22 7.982846 
7 22 8.107727 
8 22 8.220851 
9 22 8.321723 
10 22 8.409781 
11 22 8.484438 
12 22 8.545131 
13 22 8.591376 
14 22 8.622836 
15 22 8.639363 
16 22 8.641026 
17 22 8.628132 
18 22 8.601206 
19 22 8.560973 
20 22 8.508302 
21 22 8.444157 
22 22 8.369517 
23 22 8.285313 
24 22 8.192357 
25 22 8.091298 
26 22 7.982585 
27 22 7.866469 
28 22 7.743039 
29 22 7.612281 
30 22 7.474189 
31 22 7.328887 
32 22 7.176749 
1 23 7.167940 
2 23 7.345575 
3 23 7.511949 
4 23 7.666793 
5 23 7.810005 
6 23 7.941431 
7 23 8.060938 
8 23 8.168513 
9 23 8.263907 
10 23 8.346823 
11 23 8.416922 
12 23 8.473865 
13 23 8.517356 
14 23 8.547200 
15 23 8.563342 
16 23 8.565892 
17 23 8.555139 
18 23 8.531543 
19 23 8.495703 
20 23 8.448316 
21 23 8.390122 
22 23 8.321844 
23 23 8.244128 
24 23 8.157494 
25 23 8.062304 
26 23 7.958742 
27 23 7.846827 
28 23 7.726447 
29 23 7.597404 
30 23 7.459490 
31 23 7.312538 
32 23 7.156444 
1 24 7.143300 
2 24 7.319122 
3 24 7.482639 
4 24 7.633719 
5 24 7.772398 
6 24 7.898668 
7 24 8.012613 
8 24 8.114451 
9 24 8.204191 
10 24 8.281794 
11 24 8.347183 
12 24 8.400244 
13 24 8.440886 
14 24 8.469053 
15 24 8.484794 
16 24 8.488256 
17 24 8.479712 
18 24 8.459543 
19 24 8.428216 
20 24 8.386240 
21 24 8.334125 
22 24 8.272327 
23 24 8.201204 
24 24 8.120985 
25 24 8.031749 
26 24 7.933423 
27 24 7.825801 
28 24 7.708575 
29 24 7.581367 
30 24 7.443765 
31 24 7.295324 
32 24 7.135489 
1 25 7.118935 
2 25 7.292979 
3 25 7.453677 
4 25 7.601036 
5 25 7.735231 
6 25 7.856405 
7 25 7.964854 
8 25 8.061021 
9 25 8.145164 
10 25 8.217501 
11 25 8.278216 
12 25 8.327420 
13 25 8.365224 
14 25 8.391725 
15 25 8.407067 
16 25 8.411440 
17 25 8.405093 
18 25 8.388327 
19 25 8.361468 
20 25 8.324833 
21 25 8.278697 
22 25 8.223251 
23 25 8.158570 
24 25 8.084601 
25 25 8.001154 
26 25 7.907915 
27 25 7.804468 
28 25 7.690317 
29 25 7.564915 
30 25 7.427660 
31 25 7.277846 
32 25 7.114526 
1 26 7.095484 
2 26 7.267910 
3 26 7.425981 
4 26 7.569840 
5 26 7.699805 
6 26 7.816160 
7 26 7.919404 
8 26 8.010186 
9 26 8.089008 
10 26 8.156328 
11 26 8.212580 
12 26 8.258097 
13 26 8.293186 
14 26 8.318092 
15 26 8.333058 
16 26 8.338310 
17 26 8.334075 
18 26 8.320568 
19 26 8.297975 
20 26 8.266422 
21 26 8.225955 
22 26 8.176507 
23 26 8.117887 
24 26 8.049779 
25 26 7.971745 
26 26 7.883249 
27 26 7.783682 
28 26 7.672382 
29 26 7.548644 
30 26 7.411691 
31 26 7.260596 
32 26 7.094088 
1 27 7.073426 
2 27 7.244475 
3 27 7.400216 
4 27 7.540933 
5 27 7.667075 
6 27 7.779055 
7 27 7.877559 
8 27 7.963425 
9 27 8.037381 
10 27 8.100101 
11 27 8.152253 
12 27 8.194377 
13 27 8.226965 
14 27 8.250407 
15 27 8.265031 
16 27 8.271105 
17 27 8.268826 
18 27 8.258330 
19 27 8.239663 
20 27 8.212772 
21 27 8.177485 
22 27 8.133497 
23 27 8.080374 
24 27 8.017561 
25 27 7.944399 
26 27 7.860156 
27 27 7.764052 
28 27 7.655275 
29 27 7.532980 
30 27 7.396242 
31 27 7.243951 
32 27 7.074591 
1 28 7.053082 
2 28 7.223022 
3 28 7.376795 
4 28 7.514805 
5 28 7.637626 
6 28 7.745783 
7 28 7.840134 
8 28 7.921682 
9 28 7.991352 
10 28 8.050011 
11 28 8.098538 
12 28 8.137659 
13 28 8.168033 
14 28 8.190180 
15 28 8.204511 
16 28 8.211324 
17 28 8.210793 
18 28 8.202975 
19 28 8.187790 
20 28 8.165018 
21 28 8.134291 
22 28 8.095093 
23 28 8.046775 
24 28 7.988573 
25 28 7.919637 
26 28 7.839066 
27 28 7.745933 
28 28 7.639295 
29 28 7.518187 
30 28 7.381562 
31 28 7.228168 
32 28 7.056321 
1 29 7.034604 
2 29 7.203710 
3 29 7.355887 
4 29 7.491654 
5 29 7.611691 
6 29 7.716630 
7 29 7.807472 
8 29 7.885364 
9 29 7.951400 
10 29 8.006611 
11 29 8.052053 
12 29 8.088620 
13 29 8.117109 
14 29 8.138158 
15 29 8.152248 
16 29 8.159702 
17 29 8.160673 
18 29 8.155146 
19 29 8.142931 
20 29 8.123660 
21 29 8.096797 
22 29 8.061645 
23 29 8.017371 
24 29 7.963038 
25 29 7.897637 
26 29 7.820123 
27 29 7.729444 
28 29 7.624549 
29 29 7.504375 
30 29 7.367774 
31 29 7.213388 
32 29 7.039443 
1 30 7.018039 
2 30 7.186545 
3 30 7.337469 
4 30 7.471432 
5 30 7.589215 
6 30 7.691531 
7 30 7.779508 
8 30 7.854413 
9 30 7.917479 
10 30 7.969871 
11 30 8.012791 
12 30 8.047269 
13 30 8.074220 
14 30 8.094374 
15 30 8.108273 
16 30 8.116260 
17 30 8.118467 
18 30 8.114821 
19 30 8.105034 
20 30 8.088620 
21 30 8.064901 
22 30 8.033034 
23 30 7.992037 
24 30 7.940833 
25 30 7.878281 
26 30 7.803223 
27 30 7.714505 
28 30 7.610992 
29 30 7.491529 
30 30 7.354888 
31 30 7.199654 
32 30 7.024026 
1 31 7.003309 
2 31 7.171386 
3 31 7.321344 
4 31 7.453889 
5 31 7.569887 
6 31 7.670125 
7 31 7.755835 
8 31 7.828382 
9 31 7.889106 
10 31 7.939281 
11 31 7.980218 
12 31 8.013056 
13 31 8.038801 
14 31 8.058256 
15 31 8.072009 
16 31 8.080417 
17 31 8.083595 
18 31 8.081421 
19 31 8.073534 
20 31 8.059349 
21 31 8.038081 
22 31 8.008772 
23 31 7.970326 
24 31 7.921556 
25 31 7.861223 
26 31 7.788079 
27 31 7.700896 
28 31 7.598453 
29 31 7.479526 
30 31 7.342836 
31 31 7.186936 
32 31 7.010049 
1 32 6.990272 
2 32 7.158018 
3 32 7.307216 
4 32 7.438645 
5 32 7.553246 
6 32 7.651864 
7 32 7.735819 
8 32 7.806554 
9 32 7.865491 
10 32 7.913981 
11 32 7.953419 
12 32 7.985021 
13 32 8.009861 
14 32 8.028790 
15 32 8.042432 
16 32 8.051152 
17 32 8.055052 
18 32 8.053971 
19 32 8.047493 
20 32 8.034963 
21 32 8.015516 
22 32 7.988110 
23 32 7.951567 
24 32 7.904620 
25 32 7.845963 
26 32 7.774287 
27 32 7.688285 
28 32 7.586674 
29 32 7.468183 
30 32 7.331490 
31 32 7.175143 
32 32 6.997430 
1 33 6.978739 
2 33 7.146170 
3 33 7.294723 
4 33 7.425242 
5 33 7.538729 
6 33 7.636079 
7 33 7.718685 
8 33 7.788050 
9 33 7.845655 
10 33 7.892906 
11 33 7.931250 
12 33 7.961957 
13 33 7.986142 
14 33 8.004690 
15 33 8.018244 
16 33 8.027175 
17 33 8.031571 
18 33 8.031249 
19 33 8.025751 
20 33 8.014376 
21 33 7.996207 
22 33 7.970144 
23 33 7.934958 
24 33 7.889337 
25 33 7.831932 
26 33 7.761365 
27 33 7.676281 
28 33 7.575357 
29 33 7.457273 
30 33 7.320682 
31 33 7.164146 
32 33 6.986043 
1 34 6.968498 
2 34 7.135548 
3 34 7.283482 
4 34 7.413195 
5 34 7.525744 
6 34 7.622065 
7 34 7.703612 
8 34 7.771936 
9 34 7.828554 
10 34 7.874908 
11 34 7.912475 
12 34 7.942552 
13 34 7.966278 
14 34 7.984554 
15 34 7.998032 
16 34 8.007081 
17 34 8.011784 
18 34 8.011937 
19 34 8.007063 
20 34 7.996431 
21 34 7.979093 
22 34 7.953922 
23 34 7.919670 
24 34 7.875003 
25 34 7.818515 
26 34 7.748803 
27 34 7.664483 
28 34 7.564183 
29 34 7.446552 
30 34 7.310227 
31 34 7.153794 
32 34 6.975737 
1 35 6.959330 
2 35 7.125861 
3 35 7.273115 
4 35 7.402030 
5 35 7.513713 
6 35 7.609135 
7 35 7.689800 
8 35 7.757296 
9 35 7.813163 
10 35 7.858859 
11 35 7.895875 
12 35 7.925514 
13 35 7.948923 
14 35 7.967000 
15 35 7.980401 
16 35 7.989489 
17 35 7.994340 
18 35 7.994743 
19 35 7.990206 
20 35 7.979991 
21 35 7.963138 
22 35 7.938531 
23 35 7.904914 
24 35 7.860910 
25 35 7.805119 
26 35 7.736123 
27 35 7.652497 
28 35 7.552843 
29 35 7.435779 
30 35 7.299933 
31 35 7.143927 
32 35 6.966351 
1 36 6.951030 
2 36 7.116838 
3 36 7.263275 
4 36 7.391315 
5 36 7.502108 
6 36 7.596659 
7 36 7.676515 
8 36 7.743293 
9 36 7.798543 
10 36 7.843728 
11 36 7.880334 
12 36 7.909657 
13 36 7.932834 
14 36 7.950757 
15 36 7.964068 
16 36 7.973127 
17 36 7.978002 
18 36 7.978477 
19 36 7.974062 
20 36 7.964018 
21 36 7.947422 
22 36 7.923155 
23 36 7.889936 
24 36 7.846426 
25 36 7.791222 
26 36 7.722881 
27 36 7.639966 
28 36 7.541047 
29 36 7.424724 
30 36 7.289620 
31 36 7.134391 
32 36 6.957726 
1 37 6.943411 
2 37 7.108238 
3 37 7.253655 
4 37 7.380668 
5 37 7.490469 
6 37 7.584090 
7 37 7.663121 
8 37 7.729201 
9 37 7.783883 
10 37 7.828620 
11 37 7.864886 
12 37 7.893955 
13 37 7.916946 
14 37 7.934731 
15 37 7.947936 
16 37 7.956910 
17 37 7.961715 
18 37 7.962135 
19 37 7.957686 
20 37 7.947680 
21 37 7.931190 
22 37 7.907087 
23 37 7.874159 
24 37 7.831070 
25 37 7.776413 
26 37 7.708750 
27 37 7.626626 
28 37 7.528597 
29 37 7.413239 
30 37 7.279177 
31 37 7.125093 
32 37 6.949761 
1 38 6.936292 
2 38 7.099847 
3 38 7.243993 
4 38 7.369768 
5 38 7.478407 
6 38 7.570972 
7 38 7.649092 
8 38 7.714423 
9 38 7.768516 
10 38 7.812808 
11 38 7.848750 
12 38 7.877585 
13 38 7.900405 
14 38 7.918051 
15 38 7.931131 
16 38 7.939974 
17 38 7.944637 
18 38 7.944903 
19 38 7.940353 
20 38 7.930282 
21 38 7.913764 
22 38 7.889765 
23 38 7.857074 
24 38 7.814378 
25 38 7.760291 
26 38 7.693379 
27 38 7.612182 
28 38 7.515240 
29 38 7.401118 
30 38 7.268427 
31 38 7.115867 
32 38 6.942222 
1 39 6.929526 
2 39 7.091483 
3 39 7.234068 
4 39 7.358352 
5 39 7.465613 
6 39 7.556945 
7 39 7.634018 
8 39 7.698503 
9 39 7.751941 
10 39 7.795745 
11 39 7.831335 
12 39 7.859917 
13 39 7.882544 
14 39 7.900025 
15 39 7.912938 
16 39 7.921599 
17 39 7.926045 
18 39 7.926143 
19 39 7.921424 
20 39 7.911199 
21 39 7.894652 
22 39 7.870737 
23 39 7.838288 
24 39 7.796028 
25 39 7.742594 
26 39 7.676563 
27 39 7.596479 
28 39 7.500873 
29 39 7.388286 
30 39 7.257317 
31 39 7.106602 
32 39 6.935071 
1 40 6.922966 
2 40 7.082993 
3 40 7.223707 
4 40 7.346218 
5 40 7.451854 
6 40 7.541747 
7 40 7.617600 
8 40 7.681099 
9 40 7.733768 
10 40 7.776995 
11 40 7.812165 
12 40 7.840439 
13 40 7.862831 
14 40 7.880112 
15 40 7.892828 
16 40 7.901252 
17 40 7.905527 
18 40 7.905412 
19 40 7.900476 
20 40 7.890134 
21 40 7.873541 
22 40 7.849722 
23 40 7.817551 
24 40 7.775792 
25 40 7.723115 
26 40 7.658122 
27 40 7.579364 
28 40 7.485357 
29 40 7.374628 
30 40 7.245667 
31 40 7.097197 
32 40 6.928108 
1 41 6.916497 
2 41 7.074253 
3 41 7.212773 
4 41 7.333211 
5 41 7.436951 
6 41 7.525162 
7 41 7.599590 
8 41 7.661931 
9 41 7.713699 
10 41 7.756250 
11 41 7.790928 
12 41 7.818846 
13 41 7.840966 
14 41 7.858012 
15 41 7.870460 
16 41 7.878716 
17 41 7.882742 
18 41 7.882377 
19 41 7.877267 
20 41 7.866787 
21 41 7.850178 
22 41 7.826496 
23 41 7.794670 
24 41 7.753510 
25 41 7.701731 
26 41 7.637961 
27 41 7.560758 
28 41 7.468644 
29 41 7.360013 
30 41 7.233415 
31 41 7.087509 
32 41 6.921252 
1 42 6.910015 
2 42 7.065158 
3 42 7.201147 
4 42 7.319191 
5 42 7.420745 
6 42 7.507027 
7 42 7.579827 
8 42 7.640852 
9 42 7.691594 
10 42 7.733368 
11 42 7.767470 
12 42 7.794958 
13 42 7.816739 
14 42 7.833440 
15 42 7.845715 
16 42 7.853693 
17 42 7.857474 
18 42 7.856911 
19 42 7.851610 
20 42 7.841034 
21 42 7.824437 
22 42 7.800944 
23 42 7.769540 
24 42 7.729091 
25 42 7.678359 
26 42 7.616006 
27 42 7.540626 
28 42 7.450594 
29 42 7.344368 
30 42 7.220451 
31 42 7.077507 
32 42 6.914416 
1 43 6.903410 
2 43 7.055599 
3 43 7.188721 
4 43 7.304062 
5 43 7.403157 
6 43 7.487276 
7 43 7.558248 
8 43 7.617785 
9 43 7.667355 
10 43 7.708235 
11 43 7.741669 
12 43 7.768656 
13 43 7.789971 
14 43 7.806463 
15 43 7.818404 
16 43 7.826135 
17 43 7.829682 
18 43 7.828898 
19 43 7.823446 
20 43 7.812789 
21 43 7.796261 
22 43 7.773030 
23 43 7.742139 
24 43 7.702525 
25 43 7.652997 
26 43 7.592297 
27 43 7.518854 
28 43 7.431137 
29 43 7.327610 
30 43 7.206745 
31 43 7.067080 
32 43 6.907472 
1 44 6.896589 
2 44 7.045502 
3 44 7.175436 
4 44 7.287769 
5 44 7.384125 
6 44 7.465839 
7 44 7.534783 
8 44 7.592674 
9 44 7.640952 
10 44 7.680841 
11 44 7.713525 
12 44 7.739843 
13 44 7.760839 
14 44 7.776896 
15 44 7.788566 
16 44 7.796023 
17 44 7.799346 
18 44 7.798369 
19 44 7.792772 
20 44 7.782085 
21 44 7.765667 
22 44 7.742758 
23 44 7.712483 
24 44 7.673826 
25 44 7.625733 
26 44 7.566731 
27 44 7.495389 
28 44 7.410255 
29 44 7.309741 
30 44 7.192205 
31 44 7.056151 
32 44 6.900335 
1 45 6.889471 
2 45 7.034793 
3 45 7.161215 
4 45 7.270238 
5 45 7.363598 
6 45 7.442693 
7 45 7.509439 
8 45 7.565544 
9 45 7.612410 
10 45 7.651207 
11 45 7.682948 
12 45 7.708765 
13 45 7.729195 
14 45 7.744908 
15 45 7.756234 
16 45 7.763443 
17 45 7.766515 
18 45 7.765352 
19 45 7.759652 
20 45 7.748962 
21 45 7.732718 
22 45 7.710224 
23 45 7.680652 
24 45 7.643201 
25 45 7.596491 
26 45 7.539261 
27 45 7.470245 
28 45 7.387927 
29 45 7.290668 
30 45 7.176791 
31 45 7.044656 
32 45 6.892932 
1 46 6.881966 
2 46 7.023395 
3 46 7.146002 
4 46 7.251438 
5 46 7.341561 
6 46 7.417842 
7 46 7.482230 
8 46 7.536424 
9 46 7.581783 
10 46 7.619297 
11 46 7.650260 
12 46 7.675322 
13 46 7.695247 
14 46 7.710520 
15 46 7.721545 
16 46 7.728448 
17 46 7.731309 
18 46 7.729976 
19 46 7.724182 
20 46 7.713538 
21 46 7.697527 
22 46 7.675508 
23 46 7.646958 
24 46 7.610542 
25 46 7.565212 
26 46 7.509962 
27 46 7.443439 
28 46 7.364148 
29 46 7.270408 
30 46 7.160439 
31 46 7.032520 
32 46 6.885156 
1 47 6.873992 
2 47 7.011241 
3 47 7.129744 
4 47 7.231331 
5 47 7.318002 
6 47 7.391301 
7 47 7.453210 
8 47 7.505399 
9 47 7.549053 
10 47 7.585413 
11 47 7.615384 
12 47 7.639711 
13 47 7.659077 
14 47 7.673936 
15 47 7.684579 
16 47 7.691217 
17 47 7.693838 
18 47 7.692345 
19 47 7.686500 
20 47 7.675947 
21 47 7.660223 
22 47 7.639110 
23 47 7.611210 
24 47 7.575764 
25 47 7.532057 
26 47 7.478915 
27 47 7.415049 
28 47 7.338937 
29 47 7.248897 
30 47 7.143101 
31 47 7.019673 
32 47 6.876934 
1 48 6.865463 
2 48 6.998261 
3 48 7.112386 
4 48 7.209892 
5 48 7.292933 
6 48 7.363119 
7 48 7.422446 
8 48 7.472442 
9 48 7.514492 
10 48 7.549566 
11 48 7.578498 
12 48 7.602086 
13 48 7.620857 
14 48 7.635238 
15 48 7.645531 
16 48 7.651863 
17 48 7.654263 
18 48 7.652630 
19 48 7.646756 
20 48 7.636336 
21 48 7.621483 
22 48 7.600600 
23 48 7.573329 
24 48 7.539206 
25 48 7.497189 
26 48 7.446230 
27 48 7.385073 
28 48 7.312275 
29 48 7.226129 
30 48 7.124726 
31 48 7.006040 
32 48 6.868174 
1 49 6.856290 
2 49 6.984380 
3 49 7.093882 
4 49 7.187108 
5 49 7.266369 
6 49 7.333340 
7 49 7.389927 
8 49 7.437795 
9 49 7.478185 
10 49 7.511853 
11 49 7.539799 
12 49 7.562569 
13 49 7.580729 
14 49 7.594632 
15 49 7.604533 
16 49 7.610564 
17 49 7.612738 
18 49 7.610978 
19 49 7.605113 
20 49 7.595602 
21 49 7.580513 
22 49 7.560058 
23 49 7.533858 
24 49 7.500991 
25 49 7.460681 
26 49 7.411939 
27 49 7.353587 
28 49 7.284190 
29 49 7.202074 
30 49 7.105255 
31 49 6.991548 
32 49 6.858785 
1 50 6.846373 
2 50 6.969517 
3 50 7.074172 
4 50 7.162953 
5 50 7.238336 
6 50 7.301956 
7 50 7.355823 
8 50 7.401573 
9 50 7.440153 
10 50 7.472516 
11 50 7.499378 
12 50 7.521341 
13 50 7.538853 
14 50 7.552249 
15 50 7.561749 
16 50 7.567465 
17 50 7.569418 
18 50 7.567554 
19 50 7.562673 
20 50 7.552443 
21 50 7.537755 
22 50 7.518099 
23 50 7.492771 
24 50 7.461219 
25 50 7.422653 
26 50 7.376154 
27 50 7.320619 
28 50 7.254699 
29 50 7.176712 
30 50 7.084632 
31 50 6.976105 
32 50 6.848666 
1 51 6.835579 
2 51 6.953558 
3 51 7.053186 
4 51 7.137406 
5 51 7.208783 
6 51 7.269043 
7 51 7.320258 
8 51 7.363754 
9 51 7.400632 
10 51 7.431601 
11 51 7.457401 
12 51 7.478510 
13 51 7.495363 
14 51 7.508229 
15 51 7.517304 
16 51 7.522695 
17 51 7.524431 
18 51 7.523626 
19 51 7.517589 
20 51 7.507842 
21 51 7.493630 
22 51 7.474597 
23 51 7.450259 
24 51 7.420010 
25 51 7.383178 
26 51 7.338931 
27 51 7.286234 
28 51 7.223803 
29 51 7.150004 
30 51 7.062773 
31 51 6.959600 
32 51 6.837683 
1 52 6.823715 
2 52 6.936335 
3 52 7.030792 
4 52 7.110333 
5 52 7.177681 
6 52 7.234678 
7 52 7.283140 
8 52 7.324475 
9 52 7.359603 
10 52 7.389205 
11 52 7.413905 
12 52 7.434157 
13 52 7.450315 
14 52 7.462623 
15 52 7.471255 
16 52 7.476308 
17 52 7.479128 
18 52 7.476850 
19 52 7.471348 
20 52 7.461772 
21 52 7.448065 
22 52 7.429708 
23 52 7.406329 
24 52 7.377408 
25 52 7.342312 
26 52 7.300289 
27 52 7.250412 
28 52 7.191462 
29 52 7.121862 
30 52 7.039543 
31 52 6.941856 
32 52 6.825638 
1 53 6.810421 
2 53 6.917521 
3 53 7.006678 
4 53 7.081498 
5 53 7.144917 
6 53 7.198604 
7 53 7.244399 
8 53 7.283576 
9 53 7.316983 
10 53 7.345195 
11 53 7.368797 
12 53 7.388158 
13 53 7.403596 
14 53 7.415317 
15 53 7.423474 
16 53 7.429551 
17 53 7.430750 
18 53 7.428914 
19 53 7.423411 
20 53 7.414231 
21 53 7.400923 
22 53 7.383297 
23 53 7.360902 
24 53 7.333288 
25 53 7.299915 
26 53 7.260104 
27 53 7.212995 
28 53 7.157480 
29 53 7.092050 
30 53 7.014657 
31 53 6.922540 
32 53 6.812172 
1 54 6.794951 
2 54 6.896380 
3 54 6.980164 
4 54 7.050351 
5 54 7.109848 
6 54 7.160308 
7 54 7.203483 
8 54 7.240536 
9 54 7.272224 
10 54 7.299056 
11 54 7.321532 
12 54 7.339977 
13 54 7.354655 
14 54 7.365746 
15 54 7.374774 
16 54 7.379232 
17 54 7.380619 
18 54 7.378757 
19 54 7.373461 
20 54 7.364519 
21 54 7.351753 
22 54 7.334825 
23 54 7.313425 
24 54 7.287135 
25 54 7.255463 
26 54 7.217817 
27 54 7.173430 
28 54 7.121278 
29 54 7.059950 
30 54 6.987446 
31 54 6.900934 
32 54 6.796532 
1 55 6.775579 
2 55 6.871211 
3 55 6.949673 
4 55 7.015265 
5 55 7.070922 
6 55 7.118239 
7 55 7.158836 
8 55 7.193798 
9 55 7.223776 
10 55 7.249208 
11 55 7.270534 
12 55 7.288015 
13 55 7.301884 
14 55 7.313605 
15 55 7.321097 
16 55 7.325413 
17 55 7.326788 
18 55 7.324911 
19 55 7.319778 
20 55 7.311169 
21 55 7.298911 
22 55 7.282735 
23 55 7.262342 
24 55 7.237371 
25 55 7.207395 
26 55 7.171883 
27 55 7.130156 
28 55 7.081287 
29 55 7.023969 
30 55 6.956279 
31 55 6.875358 
32 55 6.777006 
1 56 6.748243 
2 56 6.838019 
3 56 6.911172 
4 56 6.972231 
5 56 7.024150 
6 56 7.068365 
7 56 7.106432 
8 56 7.139299 
9 56 7.167552 
10 56 7.191550 
11 56 7.211669 
12 56 7.228124 
13 56 7.242309 
14 56 7.252574 
15 56 7.259609 
16 56 7.263842 
17 56 7.265040 
18 56 7.263224 
19 56 7.258248 
20 56 7.250011 
21 56 7.238295 
22 56 7.222902 
23 56 7.203547 
24 56 7.179920 
25 56 7.151646 
26 56 7.118256 
27 56 7.079148 
28 56 7.033496 
29 56 6.980098 
30 56 6.917136 
31 56 6.841770 
32 56 6.749544 
1 57 6.703238 
2 57 6.787001 
3 57 6.854806 
4 57 6.911389 
5 57 6.959565 
6 57 7.000694 
7 57 7.036189 
8 57 7.066918 
9 57 7.093374 
10 57 7.115850 
11 57 7.134663 
12 57 7.151050 
13 57 7.163783 
14 57 7.173314 
15 57 7.180071 
16 57 7.184014 
17 57 7.185107 
18 57 7.183327 
19 57 7.178569 
20 57 7.170724 
21 57 7.159620 
22 57 7.145061 
23 57 7.126813 
24 57 7.104595 
25 57 7.078076 
26 57 7.046851 
27 57 7.010385 
28 57 6.967942 
29 57 6.918435 
30 57 6.860163 
31 57 6.790358 
32 57 6.704405 
1 58 6.617135 
2 58 6.694475 
3 58 6.756762 
4 58 6.808701 
5 58 6.853005 
6 58 6.890880 
7 58 6.923640 
8 58 6.952046 
9 58 6.976518 
10 58 6.997281 
11 58 7.015530 
12 58 7.030322 
13 58 7.042019 
14 58 7.050973 
15 58 7.057269 
16 58 7.060911 
17 58 7.061891 
18 58 7.060171 
19 58 7.055686 
20 58 7.048306 
21 58 7.037912 
22 58 7.024312 
23 58 7.007306 
24 58 6.986650 
25 58 6.962053 
26 58 6.933157 
27 58 6.899496 
28 58 6.860417 
29 58 6.814940 
30 58 6.761500 
31 58 6.697452 
32 58 6.618159 
1 59 6.434491 
2 59 6.504446 
3 59 6.560525 
4 59 6.607258 
5 59 6.647158 
6 59 6.681286 
7 59 6.710832 
8 59 6.736470 
9 59 6.758536 
10 59 6.777995 
11 59 6.794240 
12 59 6.807527 
13 59 6.818199 
14 59 6.826343 
15 59 6.832067 
16 59 6.835339 
17 59 6.836199 
18 59 6.834590 
19 59 6.830457 
20 59 6.823704 
21 59 6.814206 
22 59 6.801813 
23 59 6.786346 
24 59 6.767594 
25 59 6.745307 
26 59 6.719172 
27 59 6.688784 
28 59 6.653568 
29 59 6.612655 
30 59 6.564625 
31 59 6.507022 
32 59 6.435384 
1 60 6.029388 
2 60 6.089683 
3 60 6.137838 
4 60 6.177911 
5 60 6.212118 
6 60 6.241328 
7 60 6.266608 
8 60 6.288520 
9 60 6.308005 
10 60 6.324533 
11 60 6.338383 
12 60 6.349847 
13 60 6.359033 
14 60 6.366066 
15 60 6.370966 
16 60 6.373775 
17 60 6.374478 
18 60 6.373062 
19 60 6.369462 
20 60 6.363608 
21 60 6.355392 
22 60 6.344693 
23 60 6.331361 
24 60 6.315220 
25 60 6.296062 
26 60 6.273624 
27 60 6.247563 
28 60 6.217389 
29 60 6.182350 
30 60 6.141210 
31 60 6.091800 
32 60 6.030122 
1 61 5.139480 
2 61 5.185686 
3 61 5.222477 
4 61 5.253006 
5 61 5.279017 
6 61 5.301109 
7 61 5.320173 
8 61 5.337217 
9 61 5.351918 
10 61 5.364369 
11 61 5.374904 
12 61 5.383616 
13 61 5.390606 
14 61 5.395948 
15 61 5.399662 
16 61 5.401782 
17 61 5.402301 
18 61 5.401201 
19 61 5.398443 
20 61 5.393968 
21 61 5.387702 
22 61 5.379551 
23 61 5.369407 
24 61 5.357137 
25 61 5.342584 
26 61 5.325549 
27 61 5.305770 
28 61 5.282865 
29 61 5.256245 
30 61 5.224936 
31 61 5.187229 
32 61 5.140012 
1 62 3.311319 
2 62 3.337011 
3 62 3.357409 
4 62 3.374272 
5 62 3.388593 
6 62 3.400552 
7 62 3.411260 
8 62 3.420594 
9 62 3.428604 
10 62 3.435415 
11 62 3.441207 
12 62 3.445973 
13 62 3.449814 
14 62 3.452736 
15 62 3.454769 
16 62 3.455927 
17 62 3.456204 
18 62 3.455593 
19 62 3.454073 
20 62 3.451610 
21 62 3.448167 
22 62 3.443692 
23 62 3.438124 
24 62 3.431394 
25 62 3.423413 
26 62 3.414071 
27 62 3.403219 
28 62 3.390640 
29 62 3.375994 
30 62 3.358718 
31 62 3.337830 
32 62 3.311603 
1 63 0.000000 
2 63 0.000000 
3 63 0.000000 
4 63 0.000000 
5 63 0.000000 
6 63 0.000000 
7 63 0.000000 
8 63 0.000000 
9 63 0.000000 
10 63 0.000000 
11 63 0.000000 
12 63 0.000000 
13 63 0.000000 
14 63 0.000000 
15 63 0.000000 
16 63 0.000000 
17 63 0.000000 
18 63 0.000000 
19 63 0.000000 
20 63 0.000000 
21 63 0.000000 
22 63 0.000000 
23 63 0.000000 
24 63 0.000000 
25 63 0.000000 
26 63 0.000000 
27 63 0.000000 
28 63 0.000000 
29 63 0.000000 
30 63 0.000000 
31 63 0.000000 
32 63 0.000000 
1 64 0.000000 
2 64 0.000000 
3 64 0.000000 
4 64 0.000000 
5 64 0.000000 
6 64 0.000000 
7 64 0.000000 
8 64 0.000000 
9 64 0.000000 
10 64 0.000000 
11 64 0.000000 
12 64 0.000000 
13 64 0.000000 
14 64 0.000000 
15 64 0.000000 
16 64 0.000000 
17 64 0.000000 
18 64 0.000000 
19 64 0.000000 
20 64 0.000000 
21 64 0.000000 
22 64 0.000000 
23 64 0.000000 
24 64 0.000000 
25 64 0.000000 
26 64 0.000000 
27 64 0.000000 
28 64 0.000000 
29 64 0.000000 
30 64 0.000000 
31 64 0.000000 
32 64 0.000000 
