1 1 20212956122016.570312 
2 1 20343465483918.343750 
3 1 20498969259108.511719 
4 1 20694258395996.738281 
5 1 20933683092823.718750 
6 1 21214425289985.558594 
7 1 21528347787478.234375 
8 1 21863158481283.761719 
9 1 22203310286074.656250 
10 1 22531030622364.253906 
11 1 22827825473777.152344 
12 1 23076065869751.925781 
13 1 23260275028659.316406 
14 1 23368167744826.792969 
15 1 23392146744422.425781 
16 1 23329774279240.300781 
17 1 23184000739986.484375 
18 1 22962900867633.089844 
19 1 22678973881005.222656 
20 1 22348000802675.007812 
21 1 21987770827966.101562 
22 1 21616585807700.675781 
23 1 21251906973701.738281 
24 1 20909131253858.812500 
25 1 20600669389369.730469 
26 1 20335358003453.464844 
27 1 20118212627150.261719 
28 1 19950458715355.566406 
29 1 19829737931145.214844 
30 1 19750384674925.667969 
31 1 19703921364283.203125 
32 1 19681354702837.554688 
1 2 52725773546245.554688 
2 2 53330406598704.687500 
3 2 53958719209810.531250 
4 2 54663788109637.640625 
5 2 55465255861093.851562 
6 2 56360422126801.554688 
7 2 57330444182109.867188 
8 2 58344177856080.234375 
9 2 59360881636856.992188 
10 2 60333148763227.273438 
11 2 61211249499470.726562 
12 2 61947850717337.156250 
13 2 62500485173655.148438 
14 2 62835308661381.179688 
15 2 62931574204892.429688 
16 2 62782043738401.562500 
17 2 62394544750906.328125 
18 2 61790789888831.648438 
19 2 61004619000746.492188 
20 2 60078950772489.343750 
21 2 59062039977040.382812 
22 2 58003618300909.421875 
23 2 56951006930943.093750 
24 2 55945866269969.695312 
25 2 55021629073229.734375 
26 2 54201832049246.648438 
27 2 53499256298437.101562 
28 2 52915613005522.539062 
29 2 52441289685021.671875 
30 2 52054339378776.554688 
31 2 51717634613184.679688 
32 2 51373242993360.843750 
1 3 80035929691236.515625 
2 3 81165898609133.765625 
3 3 82306903062578.328125 
4 3 83545047746035.265625 
5 3 84913553599076.625000 
6 3 86410491297544.031250 
7 3 88008545508539.421875 
8 3 89661104555919.953125 
9 3 91306411229975.156250 
10 3 92872230333595.687500 
11 3 94283251085767.078125 
12 3 95467818532677.343750 
13 3 96360195588207.640625 
14 3 96909279712718.109375 
15 3 97083132420009.703125 
16 3 96870478055201.500000 
17 3 96282976874346.281250 
18 3 95353535936152.156250 
19 3 94133479304976.531250 
20 3 92688253695006.000000 
21 3 91091424420533.593750 
22 3 89419069633439.531250 
23 3 87743707676131.109375 
24 3 86129338326722.203125 
25 3 84627440420862.531250 
26 3 83274296271034.343750 
27 3 82089422554192.468750 
28 3 81074719749286.125000 
29 3 80213285810308.921875 
30 3 79466199268638.062500 
31 3 78764061147562.187500 
32 3 77987537586967.718750 
1 4 96162190791470.156250 
2 4 97685412428650.234375 
3 4 99234380946592.812500 
4 4 100905268996612.031250 
5 4 102735353641372.968750 
6 4 104720658820628.265625 
7 4 106826341915406.656250 
8 4 108993443607198.750000 
9 4 111143582695329.218750 
10 4 113185177648544.421875 
11 4 115023720982060.390625 
12 4 116567880631548.484375 
13 4 117733227806136.296875 
14 4 118455908855524.828125 
15 4 118694362611261.093750 
16 4 118434579329059.796875 
17 4 117691031411249.390625 
18 4 116505559201511.078125 
19 4 114943414769899.921875 
20 4 113087637277592.421875 
21 4 111031786430254.375000 
22 4 108872391795075.546875 
23 4 106701574654365.375000 
24 4 104600596888702.953125 
25 4 102634899295439.875000 
26 4 100850700821328.156250 
27 4 99273017853299.343750 
28 4 97904542614317.609375 
29 4 96724055099770.593750 
30 4 95682197770549.156250 
31 4 94690638071107.453125 
32 4 93597988308126.953125 
1 5 104350388318015.015625 
2 5 106162855310767.015625 
3 5 108051884003361.250000 
4 5 110103676277956.937500 
5 5 112351088272949.625000 
6 5 114784687846757.859375 
7 5 117361052659346.093750 
8 5 120008718841220.906250 
9 5 122632829336679.765625 
10 5 125123319339910.937500 
11 5 127367186458260.156250 
12 5 129252315591631.796875 
13 5 130676705584344.468750 
14 5 131563354467684.234375 
15 5 131860946285364.734375 
16 5 131552853429620.281250 
17 5 130656382837183.171875 
18 5 129222409449682.046875 
19 5 127330282858957.734375 
20 5 125080529768728.046875 
21 5 122586543432370.875000 
22 5 119964831899148.203125 
23 5 117326442854706.343750 
24 5 114769110790666.000000 
25 5 112371475159376.812500 
26 5 110189144071657.171875 
27 5 108252633385677.828125 
28 5 106566373049554.406250 
29 5 105107571738673.937500 
30 5 103822820502886.812500 
31 5 102619360424138.984375 
32 5 101347414419848.171875 
1 6 108486175788634.750000 
2 6 110542732493683.015625 
3 6 112753272711059.500000 
4 6 115182799904838.562500 
5 6 117854336466402.578125 
6 6 120750292914454.015625 
7 6 123817003632318.718750 
8 6 126968912614781.531250 
9 6 130092992836221.703125 
10 6 133059563767958.531250 
11 6 135734666718047.031250 
12 6 137982559968348.375000 
13 6 139683084398629.875000 
14 6 140743268491187.218750 
15 6 141101719047229.218750 
16 6 140738400804158.500000 
17 6 139674038848563.843750 
18 6 137969622342863.125000 
19 6 135720112558094.890625 
20 6 133045690650168.781250 
21 6 130081515373637.593750 
22 6 126966165944517.406250 
23 6 123831262151375.093750 
24 6 120792367290138.875000 
25 6 117942258123298.562500 
26 6 115346612004653.890625 
27 6 113042031721007.296875 
28 6 111035571185034.703125 
29 6 109304717392890.203125 
30 6 107796195922131.468750 
31 6 106422116567628.140625 
32 6 105054024902652.468750 
1 7 110822174886719.656250 
2 7 113109755729495.015625 
3 7 115643420848239.296875 
4 7 118463351195615.171875 
5 7 121579920832338.593750 
6 7 124965525351924.125000 
7 7 128554751260937.656250 
8 7 132246247114250.250000 
9 7 135907158276252.046875 
10 7 139386837572859.437500 
11 7 142527049971204.593750 
12 7 145166575209623.968750 
13 7 147165612953677.562500 
14 7 148412601503870.843750 
15 7 148835769053931.625000 
16 7 148410764577147.250000 
17 7 147162388747200.093750 
18 7 145162773232477.312500 
19 7 142524082617499.156250 
20 7 139388356852715.062500 
21 7 135914645007054.484375 
22 7 132265848119304.375000 
23 7 128596089684724.734375 
24 7 125040360810922.390625 
25 7 121706750735580.953125 
26 7 118671856700074.109375 
27 7 115978977001999.437500 
28 7 113638474745274.937500 
29 7 111629298091839.843750 
30 7 109900700241152.265625 
31 7 108374145791141.500000 
32 7 106949262176197.437500 
1 8 112399541873822.406250 
2 8 114915878832248.812500 
3 8 117775186078152.859375 
4 8 120994428157057.359375 
5 8 124570478660335.156250 
6 8 128464647082997.343750 
7 8 132598688703309.796875 
8 8 136854170954558.968750 
9 8 141077545538362.687500 
10 8 145096107049561.781250 
11 8 148724550384972.781250 
12 8 151775982635068.312500 
13 8 154088956182412.593750 
14 8 155532207945272.625000 
15 8 156023021695987.250000 
16 8 155532308960930.812500 
17 8 154089346639154.437500 
18 8 151778004200779.843750 
19 8 148728874947699.500000 
20 8 145107156984363.843750 
21 8 141097382409720.031250 
22 8 136888204660820.984375 
23 8 132657628341529.281250 
24 8 128561134404577.515625 
25 8 124722935767026.187500 
26 8 121231106366747.156250 
27 8 118136064502094.640625 
28 8 115451945908985.906250 
29 8 113159910528858.578125 
30 8 111212956808098.656250 
31 8 109543231558262.859375 
32 8 108077307126403.343750 
1 9 113643733023767.140625 
2 9 116385868581926.671875 
3 9 119565130083928.875000 
4 9 123179898089167.250000 
5 9 127214172120529.062500 
6 9 131617843272107.078125 
7 9 136299286058799.125000 
8 9 141122383601954.031250 
9 9 145913042194814.843750 
10 9 150475777059276.781250 
11 9 154596919282200.250000 
12 9 158064988319638.937500 
13 9 160695113739925.531250 
14 9 162336872451415.406250 
15 9 162895862225895.593750 
16 9 162338514898671.937500 
17 9 160698517335405.531250 
18 9 158071654810372.031250 
19 9 154607392309952.343750 
20 9 150494332508225.062500 
21 9 145943054913519.593750 
22 9 141168312188129.812500 
23 9 136372406704240.109375 
24 9 131731560347289.015625 
25 9 127386310552024.015625 
26 9 123436320555435.500000 
27 9 119939286542688.343750 
28 9 116913370866885.109375 
29 9 114342388971432.265625 
30 9 112183534014650.843750 
31 9 110379084866750.750000 
32 9 108877550211197.218750 
1 10 114704403555486.515625 
2 10 117662583527352.718750 
3 10 121143808458768.437500 
4 10 125133745222365.859375 
5 10 129605176651763.718750 
6 10 134496948312131.703125 
7 10 139704109248336.812500 
8 10 145073127658700.593750 
9 10 150410512151084.437500 
10 10 155497838911102.125000 
11 10 160093865136909.875000 
12 10 163964262521151.593750 
13 10 166900192370195.125000 
14 10 168733728839681.093750 
15 10 169358393297884.312500 
16 10 168736837400504.031250 
17 10 166906666360136.343750 
18 10 163975366848202.718750 
19 10 160110625628147.812500 
20 10 155523684939239.718750 
21 10 150450381572007.812500 
22 10 145130753540533.000000 
23 10 139790619718381.609375 
24 10 134626275123480.812500 
25 10 129794049552215.281250 
26 10 125404813997630.625000 
27 10 121523379998315.218750 
28 10 118171999283817.546875 
29 10 115337341098029.015625 
30 10 112980723743813.750000 
31 10 111052977926556.734375 
32 10 109518250929534.953125 
1 11 115615139240248.468750 
2 11 118769514563551.703125 
3 11 122520764791850.343750 
4 11 126847597753104.437500 
5 11 131713847527942.046875 
6 11 137048322524446.156250 
7 11 142733465210371.000000 
8 11 148599587529999.093750 
9 11 154435832420475.718750 
10 11 160001565908037.656250 
11 11 165030932128851.156250 
12 11 169268793637948.281250 
13 11 172483781174008.281250 
14 11 174492589735938.906250 
15 11 175177214081115.375000 
16 11 174497245853856.562500 
17 11 172493578623989.906250 
18 11 169284601486416.375000 
19 11 165054492797187.656250 
20 11 160035302712311.000000 
21 11 154485906444980.406250 
22 11 148669546803524.062500 
23 11 142833535377219.937500 
24 11 137192579952896.234375 
25 11 131917476203231.031250 
26 11 127129407757846.312500 
27 11 122899803996902.953125 
28 11 119254873391399.921875 
29 11 116184131214573.078125 
30 11 113652611597446.562500 
31 11 111617663213112.046875 
32 11 110053011453431.781250 
1 12 116364299795136.625000 
2 12 119683545393293.953125 
3 12 123658872169376.890625 
4 12 128266806728577.843750 
5 12 133464733674207.296875 
6 12 139172961497297.500000 
7 12 145262735649324.031250 
8 12 151550477458917.812500 
9 12 157810718053048.062500 
10 12 163782596655822.968750 
11 12 169180396869767.312500 
12 12 173730609289709.781250 
13 12 177182863765241.781250 
14 12 179340748245418.031250 
15 12 180076499862629.312500 
16 12 179347111146718.781250 
17 12 177196248266309.250000 
18 12 173751602008986.593750 
19 12 169211283709474.031250 
20 12 163825119829930.062500 
21 12 157871508350011.875000 
22 12 151633501698614.156250 
23 12 145376713223464.500000 
24 12 139331574255300.500000 
25 12 133681246312206.859375 
26 12 128555810757048.718750 
27 12 124032494155886.531250 
28 12 120141124388432.906250 
29 12 116873888475518.625000 
30 12 114198934155922.343750 
31 12 112078049829068.312500 
32 12 110489493272263.421875 
1 13 116926512502610.890625 
2 13 120368078965601.171875 
3 13 124508808960126.625000 
4 13 129326453714551.812500 
5 13 134774373992907.828125 
6 13 140766313348569.031250 
7 13 147164383286302.093750 
8 13 153774288787229.531250 
9 13 160359259076685.593750 
10 13 166641713213238.000000 
11 13 172321950844377.062500 
12 13 177111298227020.250000 
13 13 180745492236728.843750 
14 13 183017593516424.062500 
15 13 183792827475194.031250 
16 13 183025854613172.437500 
17 13 180762690238104.843750 
18 13 177138009454856.062500 
19 13 172360612094691.312500 
20 13 166693911467846.343750 
21 13 160431253637238.906250 
22 13 153870862876727.187500 
23 13 147292420456462.656250 
24 13 140938456463347.343750 
25 13 135001702510923.140625 
26 13 129619221301040.500000 
27 13 124872923076062.281250 
28 13 120795723960236.343750 
29 13 117382182243361.312500 
30 13 114602891839608.203125 
31 13 112422225720121.296875 
32 13 110819221400584.265625 
1 14 117277254714226.734375 
2 14 120789070681096.578125 
3 14 125026337750823.109375 
4 14 129970040697130.281250 
5 14 135571661406140.593750 
6 14 141740561925751.031250 
7 14 148332323946951.656250 
8 14 155145818250077.875000 
9 14 161936713684267.093750 
10 14 168415753600391.562500 
11 14 174275503358869.437500 
12 14 179216482655143.500000 
13 14 182966433233231.218750 
14 14 185311111331970.906250 
15 14 186111868509783.843750 
16 14 185321435421854.437500 
17 14 182987648274380.000000 
18 14 179249386980614.187500 
19 14 174322294508490.937500 
20 14 168478317295974.343750 
21 14 162020304144291.531250 
22 14 155256043536805.000000 
23 14 148474198848227.031250 
24 14 141925035874061.875000 
25 14 135807490049039.000000 
26 14 130263265710334.203125 
27 14 125377586665368.046875 
28 14 121185768822884.468750 
29 14 117684358635903.265625 
30 14 114845760118714.968750 
31 14 112635457231544.187500 
32 14 111030758539814.671875 
1 15 117399969581691.250000 
2 15 120923328871743.062500 
3 15 125181666635780.546875 
4 15 130160031964090.281250 
5 15 135809781767815.156250 
6 15 142038167559719.562500 
7 15 148697220555091.031250 
8 15 155583306582193.250000 
9 15 162448594729434.031250 
10 15 168998384439864.593750 
11 15 174923597904540.625000 
12 15 179919576958515.156250 
13 15 183711980092338.843750 
14 15 186083311162682.343750 
15 15 186894024148478.875000 
16 15 186095808578569.062500 
17 15 183737400672257.906250 
18 15 179959010111620.437500 
19 15 174978807867332.187500 
20 15 169071704286112.375000 
21 15 162543990910516.718750 
22 15 155706859706494.812500 
23 15 148852274200134.156250 
24 15 142233394583942.500000 
25 15 136051602913338.671875 
26 15 130450619759770.375000 
27 15 125517412461339.562500 
28 15 121288898072320.750000 
29 15 117763185118545.062500 
30 15 114913958910486.734375 
31 15 112706775429088.328125 
32 15 111115731124206.500000 
1 16 117289496122703.890625 
2 16 120762743081761.218750 
3 16 124964416622507.593750 
4 16 129883609413617.765625 
5 16 135472885207848.609375 
6 16 141639593894341.875000 
7 16 148235408317050.218750 
8 16 155058613344385.312500 
9 16 161862113545107.156250 
10 16 168352632960411.281250 
11 16 174225140567412.781250 
12 16 179176324015162.187500 
13 16 182935237926166.562500 
14 16 185285815640809.843750 
15 16 186090294918750.156250 
16 16 185300552213158.531250 
17 16 182965020845212.687500 
18 16 179222451611017.687500 
19 16 174288966760941.343750 
20 16 168436762543850.281250 
21 16 161969261586966.812500 
22 16 155194743447604.875000 
23 16 148402542639621.406250 
24 16 141843691000771.531250 
25 16 135718101434992.312500 
26 16 130168767117133.968750 
27 16 125282714212409.796875 
28 16 121097597379826.312500 
29 16 117612659037163.687500 
30 16 114802481154730.359375 
31 16 112632068042932.421875 
32 16 111071583898306.125000 
1 17 116953267024447.593750 
2 17 120315820062450.218750 
3 17 124385457503642.859375 
4 17 129154766967960.078125 
5 17 134578480460559.718750 
6 17 140566093705577.140625 
7 17 146972095448278.781250 
8 17 153600821267308.718750 
9 17 160210253794723.218750 
10 17 166515354408026.531250 
11 17 172220306969723.343750 
12 17 177029914422229.781250 
13 17 180681514256203.937500 
14 17 182965400127660.343750 
15 17 183747884021620.187500 
16 17 182982386778177.031250 
17 17 180715796956296.656250 
18 17 177082716662851.625000 
19 17 172292768445777.968750 
20 17 166609995726624.968750 
21 17 160328792246076.937500 
22 17 153748402173790.437500 
23 17 147149784549552.937500 
24 17 140776957472131.250000 
25 17 134824533680891.453125 
26 17 129432082436177.203125 
27 17 124685000440916.281250 
28 17 120620799742633.390625 
29 17 117239455509360.078125 
30 17 114516209528675.687500 
31 17 112415246420827.828125 
32 17 110902605821240.531250 
1 18 116410875438881.312500 
2 18 119607111454227.921875 
3 18 123476124885919.984375 
4 18 128013230221446.453125 
5 18 133176023403531.296875 
6 18 138877886332375.500000 
7 18 144979055391725.250000 
8 18 151293538351494.406250 
9 18 157588660998694.656250 
10 18 163593660955274.062500 
11 18 169026616982771.593750 
12 18 173606654233937.718750 
13 18 177083884441931.343750 
14 18 179259296528975.531250 
15 18 180005484819268.562500 
16 18 179278508625067.937500 
17 18 177122679894743.156250 
18 18 173665963064565.468750 
19 18 169107486277248.750000 
20 18 163698190930536.656250 
21 18 157717855669416.781250 
22 18 151451131937911.687500 
23 18 145165423391055.187500 
24 18 139093276080739.421875 
25 18 133420496094815.843750 
26 18 128280737053137.343750 
27 18 123756186502057.796875 
28 18 119883368281355.875000 
29 18 116662629950788.484375 
30 18 114069763962134.343750 
31 18 112068143373166.734375 
32 18 110619850791878.062500 
1 19 115692354199739.578125 
2 19 118674909380996.437500 
3 19 122285264319967.125000 
4 19 126520713526528.812500 
5 19 131342155476189.046875 
6 19 136668236506709.046875 
7 19 142367530162274.156250 
8 19 148266593407479.406250 
9 19 154146008731044.718750 
10 19 159754120631177.375000 
11 19 164826974145595.031250 
12 19 169103254964641.531250 
13 19 172349630195415.187500 
14 19 174381278565815.906250 
15 19 175079153075342.812500 
16 19 174402634117370.562500 
17 19 172392775522282.937500 
18 19 169168732158017.406250 
19 19 164915792389173.656250 
20 19 159867604950004.562500 
21 19 154284724945286.718750 
22 19 148432504317678.937500 
23 19 142560454585814.656250 
24 19 136885894026282.218750 
25 19 131582847780592.781250 
26 19 126776901029531.890625 
27 19 122545648752498.187500 
28 19 118923859388464.156250 
29 19 115911942353913.843750 
30 19 113486226448070.406250 
31 19 111609481578533.296875 
32 19 110240261739889.171875 
1 20 114835484644429.562500 
2 20 117567687663174.359375 
3 20 120874687898037.328125 
4 20 124755091055569.437500 
5 20 129173368857813.218750 
6 20 134054508782021.359375 
7 20 139277452637522.265625 
8 20 144683349593218.531250 
9 20 150069388553068.156250 
10 20 155206309414645.906250 
11 20 159851704877576.562500 
12 20 163767349673699.187500 
13 20 166739717324120.875000 
14 20 168600518111075.656250 
15 20 169240893332448.343750 
16 20 168623887041406.812500 
17 20 166786884816306.500000 
18 20 163838505925779.312500 
19 20 159947683621001.468750 
20 20 155327605814994.343750 
21 20 150216122085463.843750 
22 20 144855698015751.125000 
23 20 139474669236648.781250 
24 20 134272257311091.000000 
25 20 129408401346174.531250 
26 20 124998908315691.890625 
27 20 121115653090842.000000 
28 20 117791001656007.546875 
29 20 115025163788990.718750 
30 20 112795057330023.593750 
31 20 111063191627168.515625 
32 20 109785221650472.500000 
1 21 113882584382258.343750 
2 21 116339860292045.156250 
3 21 119313637865374.343750 
4 21 122803370170957.328125 
5 21 126777293739813.140625 
6 21 131167433614753.203125 
7 21 135864517312335.234375 
8 21 140725545720545.000000 
9 21 145566749441988.812500 
10 21 150183308651326.343750 
11 21 154356773939348.343750 
12 21 157874196890908.718750 
13 21 160544159738904.406250 
14 21 162216207146180.406250 
15 21 162793004323722.843750 
16 21 162241420838041.687500 
17 21 160594883289550.093750 
18 21 157950372703502.968750 
19 21 154458876226491.312500 
20 21 150311028703915.625000 
21 21 145719753840803.125000 
22 21 140902330687375.625000 
23 21 136063756697860.890625 
24 21 131383263758555.453125 
25 21 127005143990383.812500 
26 21 123034228201937.875000 
27 21 119535834762110.953125 
28 21 116539417655531.468750 
29 21 114044783781248.359375 
30 21 112029533640518.953125 
31 21 110456336814343.375000 
32 21 109278751002417.140625 
1 22 112877146729656.796875 
2 22 115047263961077.359375 
3 22 117673016578064.625000 
4 22 120754458449110.046875 
5 22 124263632908055.921875 
6 22 128140012192639.515625 
7 22 132286907447309.500000 
8 22 136577586408288.609375 
9 22 140849047108547.343750 
10 22 144921304600203.281250 
11 22 148601494824517.625000 
12 22 151702626969896.937500 
13 22 154056623269544.031250 
14 22 155531317649953.968750 
15 22 156041589650202.968750 
16 22 155558156152910.812500 
17 22 154110321604982.906250 
18 22 151782990866498.343750 
19 22 148708466051325.625000 
20 22 145053923506049.187500 
21 22 141006363677170.687500 
22 22 136756839097738.875000 
23 22 132485997137860.578125 
24 22 128352160363316.187500 
25 22 124483164217073.125000 
26 22 120972182898586.687500 
27 22 117877446368143.953125 
28 22 115225147189472.187500 
29 22 113014543103611.921875 
30 22 111224026202994.187500 
31 22 109816896634458.031250 
32 22 108745582454883.156250 
1 23 111860603326074.515625 
2 23 113742981530974.828125 
3 23 116020085010396.453125 
4 23 118692427929070.593750 
5 23 121735855402459.421875 
6 23 125097422884061.203125 
7 23 128693099042017.953125 
8 23 132412490376912.468750 
9 23 136113726137565.687500 
10 23 139641323924098.906250 
11 23 142828297573519.875000 
12 23 145513180455337.250000 
13 23 147551382183536.093750 
14 23 148828832144927.531250 
15 23 149272499980422.625000 
16 23 148856968438090.468750 
17 23 147607418677624.406250 
18 23 145596769304711.062500 
19 23 142938760324954.656250 
20 23 139777255907226.406250 
21 23 136273447167083.656250 
22 23 132592311768019.156250 
23 23 128890182768571.015625 
24 23 125304448264918.515625 
25 23 121946363406669.750000 
26 23 118897259836188.328125 
27 23 116208058708314.500000 
28 23 113901498604726.781250 
29 23 111976189473633.406250 
30 23 110411444448185.718750 
31 23 109171702511182.562500 
32 23 108209326163351.343750 
1 24 110869764455867.156250 
2 24 112474003428405.984375 
3 24 114414146141636.125000 
4 24 116691161638321.140625 
5 24 119284617823000.984375 
6 24 122148875836060.140625 
7 24 125212447600334.234375 
8 24 128380477127975.265625 
9 24 131532043847468.890625 
10 24 134534732537929.828125 
11 24 137246732563733.828125 
12 24 139530924897366.078125 
13 24 141265264949216.593750 
14 24 142352925130420.281250 
15 24 142732355758289.718750 
16 24 142381979225348.093750 
17 24 141322943248376.750000 
18 24 139616742101484.828125 
19 24 137359373275409.375000 
20 24 134672431199678.703125 
21 24 131692404960890.484375 
22 24 128559279853940.218750 
23 24 125406021692162.859375 
24 24 122349808446026.953125 
25 24 119485794030769.046875 
26 24 116883718431349.640625 
27 24 114587256470832.453125 
28 24 112615635779268.453125 
29 24 110966796457093.828125 
30 24 109621122756838.546875 
31 24 108544685056965.203125 
32 24 107690907199353.203125 
1 25 109934907614141.546875 
2 25 111278767094042.671875 
3 25 112903524250324.953125 
4 25 114810657762187.156250 
5 25 116983077400414.921875 
6 25 119382346381705.937500 
7 25 121948644710269.828125 
8 25 124601814293764.593750 
9 25 127240558049197.500000 
10 25 129753757031030.562500 
11 25 132023268107363.359375 
12 25 133934402368468.765625 
13 25 135385827101051.125000 
14 25 136296848291626.062500 
15 25 136616387412586.640625 
16 25 136326470017445.531250 
17 25 135444489924538.453125 
18 25 134021413367551.828125 
19 25 132136862014512.843750 
20 25 129891882345340.843750 
21 25 127400083477250.140625 
22 25 124778286258314.171875 
23 25 122137715584020.578125 
24 25 119576652201708.859375 
25 25 117175113655461.265625 
26 25 114991852465791.515625 
27 25 113063581658034.640625 
28 25 111406127815944.875000 
29 25 110016805673548.015625 
30 25 108877209796544.812500 
31 25 107955527103361.171875 
32 25 107207382111136.187500 
1 26 109078740157342.015625 
2 26 110185891884266.812500 
3 26 111524047744905.156250 
4 26 113094906684406.187500 
5 26 114884798898496.875000 
6 26 116861829981008.218750 
7 26 118976930194291.609375 
8 26 121163173206539.484375 
9 26 123337328127093.062500 
10 26 125407478524279.515625 
11 26 127276749778946.593750 
12 26 128850652751434.093750 
13 26 130046388737512.296875 
14 26 130797851640602.000000 
15 26 131063179451733.687500 
16 26 130827688276182.937500 
17 26 130105430214913.953125 
18 26 128937943556042.453125 
19 26 127390200246589.015625 
20 26 125544834238339.812500 
21 26 123494922276421.281250 
22 26 121336409879921.781250 
23 26 119160866338186.578125 
24 26 117049419085606.515625 
25 26 115068253713181.484375 
26 26 113265984337951.171875 
27 26 111672874713377.406250 
28 26 110301576849780.984375 
29 26 109148866977392.234375 
30 26 108197710986405.750000 
31 26 107418887742657.875000 
32 26 106771309861060.906250 
1 27 108316184032066.453125 
2 27 109214028696571.437500 
3 27 110298481663577.937500 
4 27 111571907048173.328125 
5 27 113023565852524.093750 
6 27 114627441281687.859375 
7 27 116343900821899.609375 
8 27 118118004249394.171875 
9 27 119882499947258.765625 
10 27 121562223156948.281250 
11 27 123078998953083.156250 
12 27 124356198933727.750000 
13 27 125326988698792.046875 
14 27 125938101705586.875000 
15 27 126155660346013.562500 
16 27 125967846577704.093750 
17 27 125385835148710.421875 
18 27 124442949779477.828125 
19 27 123191420720332.796875 
20 27 121697822160765.046875 
21 27 120037286505891.000000 
22 27 118287427545432.468750 
23 27 116522526925332.515625 
24 27 114808522501076.500000 
25 27 113199267943505.375000 
26 27 111734309006010.125000 
27 27 110438094978493.453125 
28 27 109320414669566.750000 
29 27 108377665758336.000000 
30 27 107594389808217.562500 
31 27 106944414090090.500000 
32 27 106390744039118.593750 
1 28 107654947807419.609375 
2 28 108372033963506.156250 
3 28 109237771707077.156250 
4 28 110254805528614.546875 
5 28 111414868326958.187500 
6 28 112697107259425.203125 
7 28 114070197230248.062500 
8 28 115489562195997.921875 
9 28 116901593128356.046875 
10 28 118245700265709.734375 
11 28 119459647681000.718750 
12 28 120482132382570.437500 
13 28 121259837941805.593750 
14 28 121750488772440.156250 
15 28 121926987306797.109375 
16 28 121779918299366.968750 
17 28 121318051368364.265625 
18 28 120567743789691.671875 
19 28 119570404305274.500000 
20 28 118378930551243.437500 
21 28 117053131375924.828125 
22 28 115654944632378.640625 
23 28 114243765700085.968750 
24 28 112872386964427.000000 
25 28 111583966776042.765625 
26 28 110410126357803.953125 
27 28 109370213889542.203125 
28 28 108471563942060.812500 
29 28 107710456809854.625000 
30 28 107073258911333.546875 
31 28 106537005097198.437500 
32 28 106069268359863.890625 
1 29 107095587822885.265625 
2 29 107660645209527.359375 
3 29 108342428512953.703125 
4 29 109143685121170.500000 
5 29 110058366536977.531250 
6 29 111070071816890.656250 
7 29 112154338111837.406250 
8 29 113275405976327.625000 
9 29 114391216336875.093750 
10 29 115453486037450.703125 
11 29 116413182200677.593750 
12 29 117221990741198.500000 
13 29 117837765648836.671875 
14 29 118227376522306.687500 
15 29 118369407072170.390625 
16 29 118256392988923.656250 
17 29 117895149961674.687500 
18 29 117306244736819.078125 
19 29 116522108970844.593750 
20 29 115584225470930.921875 
21 29 114539646933443.312500 
22 29 113437154220486.593750 
23 29 112323595189353.875000 
24 29 111240667580479.468750 
25 29 110222437896567.187500 
26 29 109293767831872.625000 
27 29 108469690267529.171875 
28 29 107755623000764.375000 
29 29 107148068066883.093750 
30 29 106635113532711.671875 
31 29 106196981300600.062500 
32 29 105806463940093.453125 
1 30 106634641927001.687500 
2 30 107074668387863.296875 
3 30 107605178889528.875000 
4 30 108229093569906.500000 
5 30 108942101114284.937500 
6 30 109731387848077.359375 
7 30 110578101059809.390625 
8 30 111453964681854.562500 
9 30 112326275170680.484375 
10 30 113156983373717.937500 
11 30 113907842080022.750000 
12 30 114541215560663.515625 
13 30 115024071836080.453125 
14 30 115330708150306.296875 
15 30 115444390181119.546875 
16 30 115359227204063.921875 
17 30 115080451494261.000000 
18 30 114623939738298.031250 
19 30 114014797790358.125000 
20 30 113285231573723.703125 
21 30 112471821030501.562500 
22 30 111612528342192.750000 
23 30 110743862996902.765625 
24 30 109898315683652.656250 
25 30 109102386978359.203125 
26 30 108375345971131.843750 
27 30 107728822223568.203125 
28 30 107166905318165.906250 
29 30 106686174113294.281250 
30 30 106276370533469.078125 
31 30 105921388495264.125000 
32 30 105599208694523.734375 
1 31 106264003960885.343750 
2 31 106603343199988.953125 
3 31 107012361506944.859375 
4 31 107493886418829.140625 
5 31 108044863636413.265625 
6 31 108655361897513.531250 
7 31 109311061823319.890625 
8 31 109989718782275.500000 
9 31 110666109941789.875000 
10 31 111310579091534.593750 
11 31 111893436136372.796875 
12 31 112385689959847.484375 
13 31 112761651417652.046875 
14 31 113001514935410.156250 
15 31 113092348843822.359375 
16 31 113029515066706.640625 
17 31 112816993816491.796875 
18 31 112466904759343.515625 
19 31 111998541838143.968750 
20 31 111436648188841.593750 
21 31 110809363294187.390625 
22 31 110145932972024.796875 
23 31 109474466371414.015625 
24 31 108819963834433.562500 
25 31 108202799271384.671875 
26 31 107637929783841.937500 
27 31 107134445882435.656250 
28 31 106694999648212.953125 
29 31 106316409630434.468750 
30 31 105990661089453.015625 
31 31 105704891892487.421875 
32 31 105442019613484.890625 
1 32 105973524932691.296875 
2 32 106233599328999.828125 
3 32 106547249276042.218750 
4 32 106916996029108.484375 
5 32 107340684021060.406250 
6 32 107810663251919.406250 
7 32 108315994937176.015625 
8 32 108839336899944.171875 
9 32 109361300566685.562500 
10 32 109858939141322.562500 
11 32 110309302768822.484375 
12 32 110690234637497.234375 
13 32 110981893746215.484375 
14 32 111169064403599.984375 
15 32 111241844872871.296875 
16 32 111196596667151.265625 
17 32 111036289145327.875000 
18 32 110770152350296.921875 
19 32 110412878334751.468750 
20 32 109983317923764.078125 
21 32 109502931675671.796875 
22 32 108994013203522.015625 
23 32 108477972889167.718750 
24 32 107973867378371.921875 
25 32 107497506000916.531250 
26 32 107060581492552.906250 
27 32 106669542638306.609375 
28 32 106326187111816.906250 
29 32 106028369508169.250000 
30 32 105769699797971.953125 
31 32 105540423059746.000000 
32 32 105328215132128.703125 
1 33 105751952463048.843750 
2 33 105950935544564.531250 
3 33 106191318674503.546875 
4 33 106475270819710.578125 
5 33 106801202596346.140625 
6 33 107163065232038.156250 
7 33 107552529725998.656250 
8 33 107956059018361.453125 
9 33 108358723131660.406250 
10 33 108742867559143.171875 
11 33 109090748799633.671875 
12 33 109385508694182.015625 
13 33 109611903195815.500000 
14 33 109758255059349.875000 
15 33 109817023146837.250000 
16 33 109785351745476.046875 
17 33 109665482101605.734375 
18 33 109464383127089.593750 
19 33 109193166629889.031250 
20 33 108866100540866.125000 
21 33 108499391109445.343750 
22 33 108109878299724.890625 
23 33 107713758046600.421875 
24 33 107325874294936.296875 
25 33 106958526272621.640625 
26 33 106619952598283.828125 
27 33 106315100165091.453125 
28 33 106045855664007.000000 
29 33 105810386389939.453125 
30 33 105604124278265.687500 
31 33 105420255788846.671875 
32 33 105250549501600.328125 
1 34 105587883171714.031250 
2 34 105740659350383.203125 
3 34 105926014508888.390625 
4 34 106145621743945.031250 
5 34 106398119750128.437500 
6 34 106678658979710.765625 
7 34 106980703279608.171875 
8 34 107293671037250.218750 
9 34 107605954730344.109375 
10 34 107903985540608.109375 
11 34 108174022713391.906250 
12 34 108403232071456.859375 
13 34 108579961745830.437500 
14 34 108695232125617.312500 
15 34 108743288174055.718750 
16 34 108721955342468.421875 
17 34 108632882097886.437500 
18 34 108481306401380.671875 
19 34 108275579230660.921875 
20 34 108026401027917.031250 
21 34 107745916667924.640625 
22 34 107446787314413.515625 
23 34 107141799375731.328125 
24 34 106842410264434.093750 
25 34 106557045292789.187500 
26 34 106292300157649.156250 
27 34 106052515134318.281250 
28 34 105838891002027.453125 
29 34 105650520758317.281250 
30 34 105484464818722.468750 
31 34 105336438587756.281250 
32 34 105201857312958.703125 
1 35 105470387642656.734375 
2 35 105588971224083.937500 
3 35 105733938347463.093750 
4 35 105906417763125.203125 
5 35 106105071188024.546875 
6 35 106325758277957.468750 
7 35 106563220468379.828125 
8 35 106809050805664.234375 
9 35 107054108391872.562500 
10 35 107287932908429.250000 
11 35 107499826603715.078125 
12 35 107679976662440.703125 
13 35 107819495764684.156250 
14 35 107911431190496.140625 
15 35 107951432935106.500000 
16 35 107937829911602.484375 
17 35 107871823696302.046875 
18 35 107757315793087.687500 
19 35 107600505372610.468750 
20 35 107409358439005.921875 
21 35 107192953000992.750000 
22 35 106961604305896.921875 
23 35 106725027730279.734375 
24 35 106490734517799.281250 
25 35 106265857097113.000000 
26 35 106055875196770.453125 
27 35 105863766444292.375000 
28 35 105691043805289.031250 
29 35 105537440685065.734375 
30 35 105401562968769.468750 
31 35 105281448664395.703125 
32 35 105175507493401.406250 
1 36 105389824188030.875000 
2 36 105483537960085.390625 
3 36 105599562262171.265625 
4 36 105738403894338.937500 
5 36 105898514028694.265625 
6 36 106076169010677.796875 
7 36 106266889221256.078125 
8 36 106463877134772.609375 
9 36 106659777203333.421875 
10 36 106846458660841.437500 
11 36 107015538829829.062500 
12 36 107159455086112.250000 
13 36 107271400171301.093750 
14 36 107346042291182.968750 
15 36 107380036912101.921875 
16 36 107372100746839.750000 
17 36 107323066362397.281250 
18 36 107235765812922.562500 
19 36 107114755394871.359375 
20 36 106965933710058.312500 
21 36 106797216008457.328125 
22 36 106616148753853.093750 
23 36 106428728248171.093750 
24 36 106241917395006.625000 
25 36 106061308472243.078125 
26 36 105890671937406.593750 
27 36 105732887404956.390625 
28 36 105589387198805.187500 
29 36 105460812371122.203125 
30 36 105347214921804.437500 
31 36 105248655559496.296875 
32 36 105165847366310.421875 
1 37 105337980973638.703125 
2 37 105413783598587.593750 
3 37 105509608708089.265625 
4 37 105625126975461.468750 
5 37 105758400850528.171875 
6 37 105905835012229.562500 
7 37 106063398903711.140625 
8 37 106225433429415.640625 
9 37 106385894475163.156250 
10 37 106538384755901.859375 
11 37 106676303344677.906250 
12 37 106793730715852.390625 
13 37 106885511287791.406250 
14 37 106947512027420.093750 
15 37 106977142468149.671875 
16 37 106973366356180.203125 
17 37 106936671279883.640625 
18 37 106869058138298.718750 
19 37 106773768754950.859375 
20 37 106656729900028.140625 
21 37 106523211993625.781250 
22 37 106377516906488.781250 
23 37 106226060503605.890625 
24 37 106073805477858.515625 
25 37 105924628180380.343750 
26 37 105781940508217.515625 
27 37 105648092981446.156250 
28 37 105524977797740.968750 
29 37 105414035060507.828125 
30 37 105316721791665.156250 
31 37 105234669502653.468750 
32 37 105170239491509.781250 
1 38 105307401089478.421875 
2 38 105370828496045.968750 
3 38 105453053699268.437500 
4 38 105552984090951.546875 
5 38 105668171421258.234375 
6 38 105794934007146.812500 
7 38 105929463004299.234375 
8 38 106066907964466.156250 
9 38 106202201642687.953125 
10 38 106330252472017.281250 
11 38 106445797239379.046875 
12 38 106544222963764.000000 
13 38 106621549793695.656250 
14 38 106674560925478.046875 
15 38 106701140368248.046875 
16 38 106700324893051.125000 
17 38 106672305011590.390625 
18 38 106618215939896.281250 
19 38 106542585407309.734375 
20 38 106448476726295.140625 
21 38 106338680597158.218750 
22 38 106218933468907.453125 
23 38 106093131039322.750000 
24 38 105964890664311.234375 
25 38 105837588876695.421875 
26 38 105713921964531.906250 
27 38 105596329273136.875000 
28 38 105487018412205.875000 
29 38 105388379125157.546875 
30 38 105302893557238.203125 
31 38 105233417134304.140625 
32 38 105181084551184.343750 
1 39 105292738174822.406250 
2 39 105347582553552.250000 
3 39 105421080147013.234375 
4 39 105511166485097.781250 
5 39 105614754760714.453125 
6 39 105727954173432.843750 
7 39 105846999660278.281250 
8 39 105967601714231.359375 
9 39 106085399677602.828125 
10 39 106196203801490.812500 
11 39 106295822333259.406250 
12 39 106380546196205.609375 
13 39 106447276814300.281250 
14 39 106493454672460.781250 
15 39 106517278953774.515625 
16 39 106517866499874.687500 
17 39 106494734836442.468750 
18 39 106451758530833.265625 
19 39 106389876158822.500000 
20 39 106310744452348.906250 
21 39 106219350637500.171875 
22 39 106118275947320.031250 
23 39 106010726925648.296875 
24 39 105899653248557.156250 
25 39 105787670099218.921875 
26 39 105677216244280.359375 
27 39 105570756873108.921875 
28 39 105471063681822.171875 
29 39 105381070608096.984375 
30 39 105304215898861.093750 
31 39 105241500444700.312500 
32 39 105199319986652.375000 
1 40 105289018226285.281250 
2 40 105338440436504.671875 
3 40 105406980729494.078125 
4 40 105491643296170.765625 
5 40 105588586447916.890625 
6 40 105693512419058.109375 
7 40 105802519352221.796875 
8 40 105911621732522.328125 
9 40 106016952443910.421875 
10 40 106115120412174.984375 
11 40 106202826035762.562500 
12 40 106277206583974.406250 
13 40 106335871732191.968750 
14 40 106376750761636.578125 
15 40 106398271695429.859375 
16 40 106398614980089.109375 
17 40 106381690937872.859375 
18 40 106346177532921.421875 
19 40 106293142516100.234375 
20 40 106226676706625.156250 
21 40 106148087152875.312500 
22 40 106060259565046.703125 
23 40 105965544125372.906250 
24 40 105866284658143.078125 
25 40 105764697723625.625000 
26 40 105663196082434.703125 
27 40 105564448617473.796875 
28 40 105471360402657.875000 
29 40 105387630207285.031250 
30 40 105313940990972.656250 
31 40 105256373118208.250000 
32 40 105219357898271.859375 
1 41 105292919001048.343750 
2 41 105339389876080.562500 
3 41 105406023089118.375000 
4 41 105488618643055.687500 
5 41 105582329451174.359375 
6 41 105682320397081.031250 
7 41 105784562082101.468750 
8 41 105885417676937.203125 
9 41 105981691204500.343750 
10 41 106070709657840.656250 
11 41 106149930434419.562500 
12 41 106217030871710.468750 
13 41 106269939614651.546875 
14 41 106306807112225.781250 
15 41 106324598126513.031250 
16 41 106328040592860.250000 
17 41 106313466224020.203125 
18 41 106282196128129.500000 
19 41 106237222367815.000000 
20 41 106178912417718.593750 
21 41 106109875098316.390625 
22 41 106031664094110.203125 
23 41 105946262235083.734375 
24 41 105855572692975.953125 
25 41 105761688270338.593750 
26 41 105666897182924.156250 
27 41 105573785319000.500000 
28 41 105485973565082.062500 
29 41 105403135559525.890625 
30 41 105330654760507.703125 
31 41 105273874923338.671875 
32 41 105240906052661.046875 
1 42 105301977778226.906250 
2 42 105347380976936.578125 
3 42 105414241196946.875000 
4 42 105496904681612.171875 
5 42 105589569259998.187500 
6 42 105687036740550.062500 
7 42 105785220709455.796875 
8 42 105880806914266.203125 
9 42 105970981198806.250000 
10 42 106053520206112.062500 
11 42 106126367579397.218750 
12 42 106187585955446.796875 
13 42 106235430470850.421875 
14 42 106266042302883.765625 
15 42 106285568324571.453125 
16 42 106287819153306.031250 
17 42 106275090015462.984375 
18 42 106248678850265.843750 
19 42 106208614358962.421875 
20 42 106157019601118.531250 
21 42 106094670449741.234375 
22 42 106023415047332.203125 
23 42 105944875443358.796875 
24 42 105860748247935.046875 
25 42 105773032613086.609375 
26 42 105683864475156.015625 
27 42 105596611615047.796875 
28 42 105509105001390.234375 
29 42 105425298010574.578125 
30 42 105351063866187.906250 
31 42 105294875110790.250000 
32 42 105263402716717.453125 
1 43 105313713250654.578125 
2 43 105359542961503.546875 
3 43 105428480082635.531250 
4 43 105513368610022.296875 
5 43 105607278139936.156250 
6 43 105704338083255.078125 
7 43 105800300631906.015625 
8 43 105892070852099.359375 
9 43 105977377813161.875000 
10 43 106054591199672.484375 
11 43 106122178260035.843750 
12 43 106178545922641.281250 
13 43 106218976395293.312500 
14 43 106251255096577.390625 
15 43 106266841159237.500000 
16 43 106269466058128.828125 
17 43 106258477264842.015625 
18 43 106234535903450.546875 
19 43 106198799604073.781250 
20 43 106151623718661.109375 
21 43 106094737468402.750000 
22 43 106029217787395.000000 
23 43 105956409406454.796875 
24 43 105878227831568.468750 
25 43 105796311771562.078125 
26 43 105714197201474.328125 
27 43 105627333087349.359375 
28 43 105537828807190.453125 
29 43 105451434623094.328125 
30 43 105375550868101.718750 
31 43 105316912200985.578125 
32 43 105284670408034.875000 
1 44 105326455830355.796875 
2 44 105374536002520.343750 
3 44 105447698709907.828125 
4 44 105536633283127.500000 
5 44 105632995007669.406250 
6 44 105730512758284.015625 
7 44 105825069427392.859375 
8 44 105914060657349.265625 
9 44 105995741018921.843750 
10 44 106068820328009.468750 
11 44 106131986225948.281250 
12 44 106179911900077.406250 
13 44 106221847758202.687500 
14 44 106248029639010.375000 
15 44 106263364203375.015625 
16 44 106265430727122.859375 
17 44 106255929566556.765625 
18 44 106234286163890.046875 
19 44 106201147195612.140625 
20 44 106157872455742.078125 
21 44 106105048478150.265625 
22 44 106044110429900.546875 
23 44 105976967785829.875000 
24 44 105904788358251.906250 
25 44 105832169422544.781250 
26 44 105751407987191.281250 
27 44 105662716908528.656250 
28 44 105571465786686.406250 
29 44 105482643781984.875000 
30 44 105401964049560.015625 
31 44 105339196632853.250000 
32 44 105304327637439.437500 
1 45 105339189751144.984375 
2 45 105391261827198.062500 
3 45 105470364469398.578125 
4 45 105564676005692.453125 
5 45 105664623428196.593750 
6 45 105763578816035.421875 
7 45 105857586246050.953125 
8 45 105944421730376.343750 
9 45 106022803106622.593750 
10 45 106091863178228.609375 
11 45 106146166875054.296875 
12 45 106195744187989.593750 
13 45 106230948722066.390625 
14 45 106256432650626.765625 
15 45 106269290613397.218750 
16 45 106271934464654.781250 
17 45 106262263457579.296875 
18 45 106241960467547.046875 
19 45 106211392020972.671875 
20 45 106170924871256.875000 
21 45 106122064803205.421875 
22 45 106066418665703.671875 
23 45 106004996290491.750000 
24 45 105944813237114.109375 
25 45 105873824238557.609375 
26 45 105791039753024.765625 
27 45 105702069034528.421875 
28 45 105609091983479.953125 
29 45 105516123106837.500000 
30 45 105430512182301.453125 
31 45 105361499164499.828125 
32 45 105322353050820.546875 
1 46 105350471137916.656250 
2 46 105408701085749.859375 
3 46 105495831541815.437500 
4 46 105597068950848.187500 
5 46 105701455485064.156250 
6 46 105802167190976.234375 
7 46 105895680072308.984375 
8 46 105980461628838.031250 
9 46 106055841858491.765625 
10 46 106116421344802.187500 
11 46 106171923689159.078125 
12 46 106214822933106.171875 
13 46 106247881420448.000000 
14 46 106269887019774.140625 
15 46 106282665071923.734375 
16 46 106283549570511.562500 
17 46 106274805108628.390625 
18 46 106255489290004.265625 
19 46 106226311733574.765625 
20 46 106188672520748.296875 
21 46 106143958765703.875000 
22 46 106093442965762.031250 
23 46 106047900956100.984375 
24 46 105988533515754.359375 
25 46 105914605520035.453125 
26 46 105833379403408.421875 
27 46 105744621151293.328125 
28 46 105650377173829.703125 
29 46 105553632500907.937500 
30 46 105460585939454.125000 
31 46 105383370482135.937500 
32 46 105337292373648.593750 
1 47 105359342242725.359375 
2 47 105426412566452.531250 
3 47 105523802661342.265625 
4 47 105633188200023.906250 
5 47 105742470029271.109375 
6 47 105845120482639.562500 
7 47 105938349641808.875000 
8 47 106021213496406.781250 
9 47 106088591248544.468750 
10 47 106149114518841.765625 
11 47 106199112081953.656250 
12 47 106238265623835.625000 
13 47 106268359734364.250000 
14 47 106289121032164.296875 
15 47 106298977308118.687500 
16 47 106299830077745.859375 
17 47 106290267213560.171875 
18 47 106271385696362.781250 
19 47 106244043475362.968750 
20 47 106209477320743.218750 
21 47 106169235602576.562500 
22 47 106139503235045.218750 
23 47 106091017899723.703125 
24 47 106026663116745.250000 
25 47 105956824691585.515625 
26 47 105878566060797.984375 
27 47 105791794673400.546875 
28 47 105695768721613.140625 
29 47 105593543077845.484375 
30 47 105492374005417.343750 
31 47 105404623917531.187500 
32 47 105348918338638.406250 
1 48 105364661768904.750000 
2 48 105444037121844.640625 
3 48 105554042840402.406250 
4 48 105672764329177.468750 
5 48 105787414543063.359375 
6 48 105891970410463.812500 
7 48 105984513314366.984375 
8 48 106060454125182.484375 
9 48 106126632046215.390625 
10 48 106183645082660.140625 
11 48 106228034809992.234375 
12 48 106264843908419.015625 
13 48 106291803702618.921875 
14 48 106309391969313.500000 
15 48 106318206547574.015625 
16 48 106317259272012.546875 
17 48 106307355755755.656250 
18 48 106288935878736.250000 
19 48 106263245554265.250000 
20 48 106232070172201.328125 
21 48 106218856626923.484375 
22 48 106178703740331.296875 
23 48 106124126374974.218750 
24 48 106067633359998.656250 
25 48 106002373770308.546875 
26 48 105927485230350.765625 
27 48 105841124067798.906250 
28 48 105743678204362.812500 
29 48 105636489683336.171875 
30 48 105525905285164.265625 
31 48 105424995803526.343750 
32 48 105356256898829.609375 
1 49 105365217920364.890625 
2 49 105461331077923.546875 
3 49 105586693476440.656250 
4 49 105715718973047.812500 
5 49 105835550376240.156250 
6 49 105941553194282.578125 
7 49 106029148917225.734375 
8 49 106102850585661.312500 
9 49 106167043569722.765625 
10 49 106216862085094.656250 
11 49 106259384737264.265625 
12 49 106291768641566.875000 
13 49 106315895612802.500000 
14 49 106331149297686.546875 
15 49 106337456826392.296875 
16 49 106335058920427.312500 
17 49 106324294100209.875000 
18 49 106306268393734.687500 
19 49 106282828032976.328125 
20 49 106286116200348.828125 
21 49 106250685983826.281250 
22 49 106206699531464.578125 
23 49 106163184315523.218750 
24 49 106110200420868.156250 
25 49 106048767150092.609375 
26 49 105977014365860.750000 
27 49 105892860208788.140625 
28 49 105794062622982.671875 
29 49 105681890248846.718750 
30 49 105560998587516.234375 
31 49 105444593820539.125000 
32 49 105358313388167.703125 
1 50 105359559479223.187500 
2 50 105477964200936.796875 
3 50 105621121778808.578125 
4 50 105761010069989.656250 
5 50 105885937875979.578125 
6 50 105989610699864.875000 
7 50 106074261300384.375000 
8 50 106146976115898.703125 
9 50 106203630739742.671875 
10 50 106251529929483.562500 
11 50 106288997858240.375000 
12 50 106318419993841.234375 
13 50 106339010330345.375000 
14 50 106351350053269.328125 
15 50 106355248578804.406250 
16 50 106350936374016.640625 
17 50 106339332294125.156250 
18 50 106322155475006.296875 
19 50 106340849016805.781250 
20 50 106307334842823.343750 
21 50 106275220729848.296875 
22 50 106241823031123.875000 
23 50 106199740255207.546875 
24 50 106151745410864.046875 
25 50 106094994834812.750000 
26 50 106026791269588.312500 
27 50 105944467048022.953125 
28 50 105845788478838.578125 
29 50 105729059557693.125000 
30 50 105597429806681.640625 
31 50 105462867621425.609375 
32 50 105353742359449.515625 
1 51 105344986820645.437500 
2 51 105492306248735.734375 
3 51 105655868606708.343750 
4 51 105806884454788.187500 
5 51 105933391124931.531250 
6 51 106034712356859.968750 
7 51 106119112870441.390625 
8 51 106184892645244.937500 
9 51 106238748256759.453125 
10 51 106281427779925.187500 
11 51 106315476094847.328125 
12 51 106340708182370.234375 
13 51 106358064646457.781250 
14 51 106367183418225.625000 
15 51 106368162675988.656250 
16 51 106361819446315.265625 
17 51 106349516008332.984375 
18 51 106381296157696.375000 
19 51 106349257505445.890625 
20 51 106328831794874.000000 
21 51 106301979071379.625000 
22 51 106270460883806.562500 
23 51 106233882847381.640625 
24 51 106189870868663.375000 
25 51 106137221227880.359375 
26 51 106073260434969.656250 
27 51 105994099572539.296875 
28 51 105895990689795.687500 
29 51 105775739573319.750000 
30 51 105633419534119.890625 
31 51 105478471313526.937500 
32 51 105339942744385.031250 
1 52 105316277815669.609375 
2 52 105500062839092.718750 
3 52 105685916975329.343750 
4 52 105845507926531.968750 
5 52 105972310627276.843750 
6 52 106074029851144.843750 
7 52 106152513780428.281250 
8 52 106214411848252.515625 
9 52 106263134714338.359375 
10 52 106301873736263.500000 
11 52 106331327599269.843750 
12 52 106352889549530.656250 
13 52 106366264891697.343750 
14 52 106371648467127.031250 
15 52 106369587811169.828125 
16 52 106361045296293.859375 
17 52 106402363068868.843750 
18 52 106373891827828.625000 
19 52 106362106630724.765625 
20 52 106340432219128.265625 
21 52 106318854331678.578125 
22 52 106290497829480.171875 
23 52 106257336537307.703125 
24 52 106218045316404.781250 
25 52 106169928806152.000000 
26 52 106110100994768.125000 
27 52 106034968423833.625000 
28 52 105938807945699.015625 
29 52 105816206720906.656250 
30 52 105663863129791.562500 
31 52 105486894032443.625000 
32 52 105311712764372.421875 
1 53 105260820050321.312500 
2 53 105488866040752.468750 
3 53 105696607184590.890625 
4 53 105862591063546.484375 
5 53 105991431479942.687500 
6 53 106088669399884.890625 
7 53 106162504209106.343750 
8 53 106219193197241.390625 
9 53 106263264483034.343750 
10 53 106296959462798.750000 
11 53 106322253984652.593750 
12 53 106339252711757.906250 
13 53 106348352304918.406250 
14 53 106349697636758.859375 
15 53 106344010545100.890625 
16 53 106390573064144.609375 
17 53 106369121169150.765625 
18 53 106361325578796.500000 
19 53 106346136989921.000000 
20 53 106331695676309.406250 
21 53 106309859317958.562500 
22 53 106286013673167.203125 
23 53 106256694760006.421875 
24 53 106221164699843.968750 
25 53 106177770377106.359375 
26 53 106123139876981.562500 
27 53 106052386035571.171875 
28 53 105959464904799.437500 
29 53 105836335959228.312500 
30 53 105675516978940.343750 
31 53 105475692816159.687500 
32 53 105256453823054.125000 
1 54 105147615764145.796875 
2 54 105425701449210.937500 
3 54 105653568463953.921875 
4 54 105826363543109.484375 
5 54 105952946027020.859375 
6 54 106045073698043.515625 
7 54 106113239348173.515625 
8 54 106164227170968.015625 
9 54 106202782639342.625000 
10 54 106231620523077.453125 
11 54 106251813124248.640625 
12 54 106263924463667.453125 
13 54 106267969033560.734375 
14 54 106264490648863.484375 
15 54 106312148623002.453125 
16 54 106300285453575.656250 
17 54 106293024970668.203125 
18 54 106285340424500.031250 
19 54 106274743490676.015625 
20 54 106259745337324.156250 
21 54 106242642808775.937500 
22 54 106220971372841.046875 
23 54 106195445395490.140625 
24 54 106164423947284.453125 
25 54 106125727334232.562500 
26 54 106076386102018.265625 
27 54 106011319672621.859375 
28 54 105923079231737.078125 
29 54 105801568778672.593750 
30 54 105634697370604.687500 
31 54 105412821169238.359375 
32 54 105143055706409.156250 
1 55 104898772318200.750000 
2 55 105229489187161.812500 
3 55 105476704913924.156250 
4 55 105651603432559.281250 
5 55 105773046993087.562500 
6 55 105858626279040.828125 
7 55 105919418955139.718750 
8 55 105963923972017.984375 
9 55 105996293128632.468750 
10 55 106019197242456.875000 
11 55 106033611210187.421875 
12 55 106039651780081.656250 
13 55 106037710436064.562500 
14 55 106082989074391.625000 
15 55 106080795884774.437500 
16 55 106073654672935.203125 
17 55 106071687161406.328125 
18 55 106064053158141.765625 
19 55 106055281504410.281250 
20 55 106042786087440.093750 
21 55 106027951781821.046875 
22 55 106009859729897.656250 
23 55 105988095167984.015625 
24 55 105961555468308.640625 
25 55 105928328631427.406250 
26 55 105885116657360.859375 
27 55 105826849866205.343750 
28 55 105745283762459.625000 
29 55 105628299430008.234375 
30 55 105459080342049.328125 
31 55 105218131156905.828125 
32 55 104894219480718.968750 
1 56 104324711212447.921875 
2 56 104707026474477.062500 
3 56 104966701286930.890625 
4 56 105137349913114.968750 
5 56 105250452381370.937500 
6 56 105325611459608.546875 
7 56 105377355554751.609375 
8 56 105413148186590.703125 
9 56 105437719103782.750000 
10 56 105453119454355.734375 
11 56 105459918974304.484375 
12 56 105458384474332.437500 
13 56 105498426021485.546875 
14 56 105503272054661.468750 
15 56 105497627867152.687500 
16 56 105497705184462.484375 
17 56 105493771684193.109375 
18 56 105488797499454.859375 
19 56 105480766862962.375000 
20 56 105471406321238.156250 
21 56 105459269459839.062500 
22 56 105445197049620.796875 
23 56 105428047885591.359375 
24 56 105407057841001.453125 
25 56 105380477019618.234375 
26 56 105345125553127.968750 
27 56 105295785197600.687500 
28 56 105223913465916.125000 
29 56 105115723246550.968750 
30 56 104949993713816.796875 
31 56 104696593846797.421875 
32 56 104320959126273.734375 
1 57 102974638312012.687500 
2 57 103394692460403.296875 
3 57 103653020306843.078125 
4 57 103810888074165.875000 
5 57 103907363569375.828125 
6 57 103967240670796.578125 
7 57 104004811262521.140625 
8 57 104028221800052.562500 
9 57 104041334796126.281250 
10 57 104045781320967.468750 
11 57 104041985466490.812500 
12 57 104073526408874.500000 
13 57 104080437929597.328125 
14 57 104076247862428.203125 
15 57 104075150408779.156250 
16 57 104073694467764.937500 
17 57 104070534282882.046875 
18 57 104066511783230.156250 
19 57 104061017758050.281250 
20 57 104054678130910.828125 
21 57 104047119919493.328125 
22 57 104038320200579.546875 
23 57 104027986516122.625000 
24 57 104015111313379.609375 
25 57 103998138024649.765625 
26 57 103974244783083.937500 
27 57 103938283544880.312500 
28 57 103881619715047.625000 
29 57 103789487419517.328125 
30 57 103637096308378.390625 
31 57 103384254168069.109375 
32 57 102971061394882.015625 
1 58 99806468908347.750000 
2 58 100229322168316.921875 
3 58 100463412389739.328125 
4 58 100590217407425.687500 
5 58 100657442626109.328125 
6 58 100690775680804.109375 
7 58 100705247088080.000000 
8 58 100708040824658.812500 
9 58 100702564949482.203125 
10 58 100689781907542.546875 
11 58 100706662566461.937500 
12 58 100707652836715.078125 
13 58 100700392406897.156250 
14 58 100694728735855.921875 
15 58 100690930792217.765625 
16 58 100687606173431.375000 
17 58 100684643809825.625000 
18 58 100682018315537.437500 
19 58 100680377068100.484375 
20 58 100678933268897.125000 
21 58 100678732107166.390625 
22 58 100679058369656.937500 
23 58 100679894616024.921875 
24 58 100680620582443.031250 
25 58 100679799863777.140625 
26 58 100674897002627.375000 
27 58 100661308770793.906250 
28 58 100630664667908.812500 
29 58 100568003645588.921875 
30 58 100446551877279.109375 
31 58 100218697175870.171875 
32 58 99802396198000.843750 
1 59 92614431467328.656250 
2 59 92975017625787.437500 
3 59 93142105572807.593750 
4 59 93208341910563.484375 
5 59 93223066799561.328125 
6 59 93211007285833.375000 
7 59 93185966513273.609375 
8 59 93154284187737.750000 
9 59 93118121529105.921875 
10 59 93107344704520.140625 
11 59 93089094847379.890625 
12 59 93067431774577.968750 
13 59 93049435826359.765625 
14 59 93034935519912.078125 
15 59 93025252610938.500000 
16 59 93018042805428.968750 
17 59 93014882099695.625000 
18 59 93014932206428.937500 
19 59 93018780177024.890625 
20 59 93026622055535.734375 
21 59 93038467098570.656250 
22 59 93054612722721.125000 
23 59 93074915940434.765625 
24 59 93099022945883.437500 
25 59 93126025587325.843750 
26 59 93153885479851.375000 
27 59 93178730366193.953125 
28 59 93193186433544.515625 
29 59 93183401940501.171875 
30 59 93123218141604.078125 
31 59 92963131634779.015625 
32 59 92610254282480.500000 
1 60 77618677144965.203125 
2 60 77818687958202.750000 
3 60 77861062822901.109375 
4 60 77828257544903.109375 
5 60 77762192952821.484375 
6 60 77682033755895.062500 
7 60 77599077582975.468750 
8 60 77517548481808.359375 
9 60 77459567799079.765625 
10 60 77403323863081.546875 
11 60 77350380964745.812500 
12 60 77306001160741.765625 
13 60 77269245944291.984375 
14 60 77241501251904.906250 
15 60 77221455544307.531250 
16 60 77209466114742.046875 
17 60 77205226592779.281250 
18 60 77209236827139.421875 
19 60 77221414807217.312500 
20 60 77242369478583.812500 
21 60 77272252500706.640625 
22 60 77311540705335.109375 
23 60 77360460554047.906250 
24 60 77419100434176.906250 
25 60 77487111929180.625000 
26 60 77563374492502.078125 
27 60 77645289956278.281250 
28 60 77727479626515.718750 
29 60 77799152311533.140625 
30 60 77838956695579.812500 
31 60 77804719924379.906250 
32 60 77613802933965.796875 
1 61 51591792961605.382812 
2 61 51570202299509.109375 
3 61 51468300420820.234375 
4 61 51334634629834.343750 
5 61 51193519082462.765625 
6 61 51054348573942.109375 
7 61 50923804772083.390625 
8 61 50815927395759.476562 
9 61 50718471973738.671875 
10 61 50630709143156.703125 
11 61 50555787914507.765625 
12 61 50493266470611.468750 
13 61 50442648157485.609375 
14 61 50404093794221.898438 
15 61 50376835300168.257812 
16 61 50361026448460.187500 
17 61 50356601984058.320312 
18 61 50363722509553.531250 
19 61 50382707410231.546875 
20 61 50413952880183.367188 
21 61 50457968535536.507812 
22 61 50515314060558.898438 
23 61 50586583850450.062500 
24 61 50672288611706.945312 
25 61 50772778720112.429688 
26 61 50888024639076.000000 
27 61 51017199935705.679688 
28 61 51157905899699.429688 
29 61 51304592654894.437500 
30 61 51445377782705.429688 
31 61 51555720447012.101562 
32 61 51586674235652.281250 
1 62 20069812878737.574219 
2 62 19952694174395.578125 
3 62 19825554479170.285156 
4 62 19700535151826.031250 
5 62 19583308499369.507812 
6 62 19474418449971.457031 
7 62 19381021859110.667969 
8 62 19298237848540.285156 
9 62 19224801922441.933594 
10 62 19161053505560.464844 
11 62 19107242249429.203125 
12 62 19062342724146.562500 
13 62 19026395780802.144531 
14 62 18998874333710.902344 
15 62 18979678232270.117188 
16 62 18968701316416.664062 
17 62 18965910392059.027344 
18 62 18971437328281.160156 
19 62 18985474942939.527344 
20 62 19008299409502.957031 
21 62 19040307050176.125000 
22 62 19081920375405.187500 
23 62 19133641958524.726562 
24 62 19196008034116.414062 
25 62 19269558218441.691406 
26 62 19354790121734.195312 
27 62 19452060007575.089844 
28 62 19561370663728.304688 
29 62 19681950770422.382812 
30 62 19811355775656.656250 
31 62 19943698379105.781250 
32 62 20066670596047.933594 
1 63 0.000000 
2 63 0.000000 
3 63 0.000000 
4 63 0.000000 
5 63 0.000000 
6 63 0.000000 
7 63 0.000000 
8 63 0.000000 
9 63 0.000000 
10 63 0.000000 
11 63 0.000000 
12 63 0.000000 
13 63 0.000000 
14 63 0.000000 
15 63 0.000000 
16 63 0.000000 
17 63 0.000000 
18 63 0.000000 
19 63 0.000000 
20 63 0.000000 
21 63 0.000000 
22 63 0.000000 
23 63 0.000000 
24 63 0.000000 
25 63 0.000000 
26 63 0.000000 
27 63 0.000000 
28 63 0.000000 
29 63 0.000000 
30 63 0.000000 
31 63 0.000000 
32 63 0.000000 
1 64 0.000000 
2 64 0.000000 
3 64 0.000000 
4 64 0.000000 
5 64 0.000000 
6 64 0.000000 
7 64 0.000000 
8 64 0.000000 
9 64 0.000000 
10 64 0.000000 
11 64 0.000000 
12 64 0.000000 
13 64 0.000000 
14 64 0.000000 
15 64 0.000000 
16 64 0.000000 
17 64 0.000000 
18 64 0.000000 
19 64 0.000000 
20 64 0.000000 
21 64 0.000000 
22 64 0.000000 
23 64 0.000000 
24 64 0.000000 
25 64 0.000000 
26 64 0.000000 
27 64 0.000000 
28 64 0.000000 
29 64 0.000000 
30 64 0.000000 
31 64 0.000000 
32 64 0.000000 
